-60.000000, 822.060000, 258.150000, 0.002000, 0.000000, 0.000000
-59.900000, 822.060000, 258.150534, 0.002000, 0.000000, 0.000000
-59.800000, 822.060000, 258.151067, 0.002000, 0.000000, 0.000000
-59.700000, 822.060000, 258.151601, 0.002000, 0.000000, 0.000000
-59.600000, 822.060000, 258.152135, 0.002000, 0.000000, 0.000000
-59.500000, 836.514000, 258.152668, 0.002000, 0.000000, 0.000000
-59.400000, 846.150000, 258.153202, 0.002000, 0.000000, 0.000000
-59.300000, 846.150000, 258.153736, 0.002000, 0.000000, 0.000000
-59.200000, 846.150000, 258.154270, 0.002000, 0.000000, 0.000000
-59.100000, 846.150000, 258.154803, 0.002000, 0.000000, 0.000000
-59.000000, 846.150000, 258.155337, 0.002000, 0.000000, 0.000000
-58.900000, 846.150000, 258.155871, 0.002000, 0.000000, 0.000000
-58.800000, 846.150000, 258.156404, 0.002000, 0.000000, 0.000000
-58.700000, 846.150000, 258.156938, 0.002000, 0.000000, 0.000000
-58.600000, 846.150000, 258.157472, 0.002000, 0.000000, 0.000000
-58.500000, 846.150000, 258.158005, 0.002000, 0.000000, 0.000000
-58.400000, 846.150000, 258.158539, 0.002000, 0.000000, 0.000000
-58.300000, 846.150000, 258.159073, 0.002000, 0.000000, 0.000000
-58.200000, 846.150000, 258.159607, 0.002000, 0.000000, 0.000000
-58.100000, 846.150000, 258.160140, 0.002000, 0.000000, 0.000000
-58.000000, 846.150000, 258.160674, 0.002000, 0.000000, 0.000000
-57.900000, 846.150000, 258.161208, 0.002000, 0.000000, 0.000000
-57.800000, 846.150000, 258.161741, 0.002000, 0.000000, 0.000000
-57.700000, 846.150000, 258.162275, 0.002000, 0.000000, 0.000000
-57.600000, 846.150000, 258.162809, 0.002000, 0.000000, 0.000000
-57.500000, 846.150000, 258.163342, 0.002000, 0.000000, 0.000000
-57.400000, 846.150000, 258.163876, 0.002000, 0.000000, 0.000000
-57.300000, 846.150000, 258.164410, 0.002000, 0.000000, 0.000000
-57.200000, 846.150000, 258.164943, 0.002000, 0.000000, 0.000000
-57.100000, 846.150000, 258.165477, 0.002000, 0.000000, 0.000000
-57.000000, 846.150000, 258.166011, 0.002000, 0.000000, 0.000000
-56.900000, 846.150000, 258.166545, 0.002000, 0.000000, 0.000000
-56.800000, 846.150000, 258.167078, 0.002000, 0.000000, 0.000000
-56.700000, 846.150000, 258.167612, 0.002000, 0.000000, 0.000000
-56.600000, 846.150000, 258.168146, 0.002000, 0.000000, 0.000000
-56.500000, 841.026000, 258.168679, 0.002000, 0.000000, 0.000000
-56.400000, 837.610000, 258.169213, 0.002000, 0.000000, 0.000000
-56.300000, 837.610000, 258.169747, 0.002000, 0.000000, 0.000000
-56.200000, 837.610000, 258.170280, 0.002000, 0.000000, 0.000000
-56.100000, 837.610000, 258.170814, 0.002000, 0.000000, 0.000000
-56.000000, 837.610000, 258.171348, 0.002000, 0.000000, 0.000000
-55.900000, 837.610000, 258.171881, 0.002000, 0.000000, 0.000000
-55.800000, 837.610000, 258.172415, 0.002000, 0.000000, 0.000000
-55.700000, 837.610000, 258.172949, 0.002000, 0.000000, 0.000000
-55.600000, 837.610000, 258.173483, 0.002000, 0.000000, 0.000000
-55.500000, 837.610000, 258.174016, 0.002000, 0.000000, 0.000000
-55.400000, 837.610000, 258.174550, 0.002000, 0.000000, 0.000000
-55.300000, 833.450000, 258.175084, 0.002000, 0.000000, 0.000000
-55.200000, 829.290000, 258.175617, 0.002000, 0.000000, 0.000000
-55.100000, 829.290000, 258.176151, 0.002000, 0.000000, 0.000000
-55.000000, 829.290000, 258.176685, 0.002000, 0.000000, 0.000000
-54.900000, 829.290000, 258.177218, 0.002000, 0.000000, 0.000000
-54.800000, 829.290000, 258.177752, 0.002000, 0.000000, 0.000000
-54.700000, 829.290000, 258.178286, 0.002000, 0.000000, 0.000000
-54.600000, 826.710000, 258.178820, 0.002000, 0.000000, 0.000000
-54.500000, 820.690000, 258.179353, 0.002000, 0.000000, 0.000000
-54.400000, 820.690000, 258.179887, 0.002000, 0.000000, 0.000000
-54.300000, 820.690000, 258.180421, 0.002000, 0.000000, 0.000000
-54.200000, 820.690000, 258.180954, 0.002000, 0.000000, 0.000000
-54.100000, 820.690000, 258.181488, 0.002000, 0.000000, 0.000000
-54.000000, 820.690000, 258.182022, 0.002000, 0.000000, 0.000000
-53.900000, 820.690000, 258.182555, 0.002000, 0.000000, 0.000000
-53.800000, 820.690000, 258.183089, 0.002000, 0.000000, 0.000000
-53.700000, 820.690000, 258.183623, 0.002000, 0.000000, 0.000000
-53.600000, 820.690000, 258.184156, 0.002000, 0.000000, 0.000000
-53.500000, 820.690000, 258.184690, 0.002000, 0.000000, 0.000000
-53.400000, 817.904000, 258.185224, 0.002000, 0.000000, 0.000000
-53.300000, 806.760000, 258.185758, 0.002000, 0.000000, 0.000000
-53.200000, 806.760000, 258.186291, 0.002000, 0.000000, 0.000000
-53.100000, 806.760000, 258.186825, 0.002000, 0.000000, 0.000000
-53.000000, 806.760000, 258.187359, 0.002000, 0.000000, 0.000000
-52.900000, 806.760000, 258.187892, 0.002000, 0.000000, 0.000000
-52.800000, 806.760000, 258.188426, 0.002000, 0.000000, 0.000000
-52.700000, 806.760000, 258.188960, 0.002000, 0.000000, 0.000000
-52.600000, 806.760000, 258.189493, 0.002000, 0.000000, 0.000000
-52.500000, 790.030000, 258.190027, 0.002000, 0.000000, 0.000000
-52.400000, 773.300000, 258.190561, 0.002000, 0.000000, 0.000000
-52.300000, 773.300000, 258.191095, 0.002000, 0.000000, 0.000000
-52.200000, 773.300000, 258.191628, 0.002000, 0.000000, 0.000000
-52.100000, 773.300000, 258.192162, 0.002000, 0.000000, 0.000000
-52.000000, 773.300000, 258.192696, 0.002000, 0.000000, 0.000000
-51.900000, 773.300000, 258.193229, 0.002000, 0.000000, 0.000000
-51.800000, 773.300000, 258.193763, 0.002000, 0.000000, 0.000000
-51.700000, 773.300000, 258.194297, 0.002000, 0.000000, 0.000000
-51.600000, 773.300000, 258.194830, 0.002000, 0.000000, 0.000000
-51.500000, 773.300000, 258.195364, 0.002000, 0.000000, 0.000000
-51.400000, 773.300000, 258.195898, 0.002000, 0.000000, 0.000000
-51.300000, 767.015000, 258.196431, 0.002000, 0.000000, 0.000000
-51.200000, 760.730000, 258.196965, 0.002000, 0.000000, 0.000000
-51.100000, 760.730000, 258.197499, 0.002000, 0.000000, 0.000000
-51.000000, 760.730000, 258.198033, 0.002000, 0.000000, 0.000000
-50.900000, 760.730000, 258.198566, 0.002000, 0.000000, 0.000000
-50.800000, 760.730000, 258.199100, 0.002000, 0.000000, 0.000000
-50.700000, 760.730000, 258.199634, 0.002000, 0.000000, 0.000000
-50.600000, 760.730000, 258.200167, 0.002000, 0.000000, 0.000000
-50.500000, 760.730000, 258.200701, 0.002000, 0.000000, 0.000000
-50.400000, 765.986000, 258.201235, 0.002000, 0.000000, 0.000000
-50.300000, 766.570000, 258.201768, 0.002000, 0.000000, 0.000000
-50.200000, 766.570000, 258.202302, 0.002000, 0.000000, 0.000000
-50.100000, 766.570000, 258.202836, 0.002000, 0.000000, 0.000000
-50.000000, 766.570000, 258.203370, 0.002000, 0.000000, 0.000000
-49.900000, 766.570000, 258.203903, 0.002000, 0.000000, 0.000000
-49.800000, 766.570000, 258.204437, 0.002000, 0.000000, 0.000000
-49.700000, 766.570000, 258.204971, 0.002000, 0.000000, 0.000000
-49.600000, 766.570000, 258.205504, 0.002000, 0.000000, 0.000000
-49.500000, 766.570000, 258.206038, 0.002000, 0.000000, 0.000000
-49.400000, 766.570000, 258.206572, 0.002000, 0.000000, 0.000000
-49.300000, 766.570000, 258.207105, 0.002000, 0.000000, 0.000000
-49.200000, 766.570000, 258.207639, 0.002000, 0.000000, 0.000000
-49.100000, 766.570000, 258.208173, 0.002000, 0.000000, 0.000000
-49.000000, 766.570000, 258.208706, 0.002000, 0.000000, 0.000000
-48.900000, 766.570000, 258.209240, 0.002000, 0.000000, 0.000000
-48.800000, 766.570000, 258.209774, 0.002000, 0.000000, 0.000000
-48.700000, 766.570000, 258.210308, 0.002000, 0.000000, 0.000000
-48.600000, 766.570000, 258.210841, 0.002000, 0.000000, 0.000000
-48.500000, 766.570000, 258.211375, 0.002000, 0.000000, 0.000000
-48.400000, 766.570000, 258.211909, 0.002000, 0.000000, 0.000000
-48.300000, 766.570000, 258.212442, 0.002000, 0.000000, 0.000000
-48.200000, 766.570000, 258.212976, 0.002000, 0.000000, 0.000000
-48.100000, 766.570000, 258.213510, 0.002000, 0.000000, 0.000000
-48.000000, 766.570000, 258.214043, 0.002000, 0.000000, 0.000000
-47.900000, 766.570000, 258.214577, 0.002000, 0.000000, 0.000000
-47.800000, 766.570000, 258.215111, 0.002000, 0.000000, 0.000000
-47.700000, 766.570000, 258.215644, 0.002000, 0.000000, 0.000000
-47.600000, 766.570000, 258.216178, 0.002000, 0.000000, 0.000000
-47.500000, 766.570000, 258.216712, 0.002000, 0.000000, 0.000000
-47.400000, 766.570000, 258.217246, 0.002000, 0.000000, 0.000000
-47.300000, 765.730000, 258.217779, 0.002000, 0.000000, 0.000000
-47.200000, 765.370000, 258.218313, 0.002000, 0.000000, 0.000000
-47.100000, 765.370000, 258.218847, 0.002000, 0.000000, 0.000000
-47.000000, 765.370000, 258.219380, 0.002000, 0.000000, 0.000000
-46.900000, 765.370000, 258.219914, 0.002000, 0.000000, 0.000000
-46.800000, 765.370000, 258.220448, 0.002000, 0.000000, 0.000000
-46.700000, 765.370000, 258.220981, 0.002000, 0.000000, 0.000000
-46.600000, 765.370000, 258.221515, 0.002000, 0.000000, 0.000000
-46.500000, 765.370000, 258.222049, 0.002000, 0.000000, 0.000000
-46.400000, 765.370000, 258.222583, 0.002000, 0.000000, 0.000000
-46.300000, 764.807000, 258.223116, 0.002000, 0.000000, 0.000000
-46.200000, 759.740000, 258.223650, 0.002000, 0.000000, 0.000000
-46.100000, 759.740000, 258.224184, 0.002000, 0.000000, 0.000000
-46.000000, 759.740000, 258.224717, 0.002000, 0.000000, 0.000000
-45.900000, 759.740000, 258.225251, 0.002000, 0.000000, 0.000000
-45.800000, 759.740000, 258.225785, 0.002000, 0.000000, 0.000000
-45.700000, 759.740000, 258.226318, 0.002000, 0.000000, 0.000000
-45.600000, 759.740000, 258.226852, 0.002000, 0.000000, 0.000000
-45.500000, 759.740000, 258.227386, 0.002000, 0.000000, 0.000000
-45.400000, 759.740000, 258.227919, 0.002000, 0.000000, 0.000000
-45.300000, 759.740000, 258.228453, 0.002000, 0.000000, 0.000000
-45.200000, 770.512000, 258.228987, 0.002000, 0.000000, 0.000000
-45.100000, 786.670000, 258.229521, 0.002000, 0.000000, 0.000000
-45.000000, 786.670000, 258.230054, 0.002000, 0.000000, 0.000000
-44.900000, 786.670000, 258.230588, 0.002000, 0.000000, 0.000000
-44.800000, 786.670000, 258.231122, 0.002000, 0.000000, 0.000000
-44.700000, 786.670000, 258.231655, 0.002000, 0.000000, 0.000000
-44.600000, 786.670000, 258.232189, 0.002000, 0.000000, 0.000000
-44.500000, 786.670000, 258.232723, 0.002000, 0.000000, 0.000000
-44.400000, 786.670000, 258.233256, 0.002000, 0.000000, 0.000000
-44.300000, 786.670000, 258.233790, 0.002000, 0.000000, 0.000000
-44.200000, 767.070000, 258.234324, 0.002000, 0.000000, 0.000000
-44.100000, 758.670000, 258.234858, 0.002000, 0.000000, 0.000000
-44.000000, 758.670000, 258.235391, 0.002000, 0.000000, 0.000000
-43.900000, 758.670000, 258.235925, 0.002000, 0.000000, 0.000000
-43.800000, 758.670000, 258.236459, 0.002000, 0.000000, 0.000000
-43.700000, 758.670000, 258.236992, 0.002000, 0.000000, 0.000000
-43.600000, 758.670000, 258.237526, 0.002000, 0.000000, 0.000000
-43.500000, 758.670000, 258.238060, 0.002000, 0.000000, 0.000000
-43.400000, 758.670000, 258.238593, 0.002000, 0.000000, 0.000000
-43.300000, 764.556000, 258.239127, 0.002000, 0.000000, 0.000000
-43.200000, 768.480000, 258.239661, 0.002000, 0.000000, 0.000000
-43.100000, 768.480000, 258.240194, 0.002000, 0.000000, 0.000000
-43.000000, 768.480000, 258.240728, 0.002000, 0.000000, 0.000000
-42.900000, 768.480000, 258.241262, 0.002000, 0.000000, 0.000000
-42.800000, 768.480000, 258.241796, 0.002000, 0.000000, 0.000000
-42.700000, 768.480000, 258.242329, 0.002000, 0.000000, 0.000000
-42.600000, 768.480000, 258.242863, 0.002000, 0.000000, 0.000000
-42.500000, 768.480000, 258.243397, 0.002000, 0.000000, 0.000000
-42.400000, 766.119000, 258.243930, 0.002000, 0.000000, 0.000000
-42.300000, 744.870000, 258.244464, 0.002000, 0.000000, 0.000000
-42.200000, 744.870000, 258.244998, 0.002000, 0.000000, 0.000000
-42.100000, 744.870000, 258.245531, 0.002000, 0.000000, 0.000000
-42.000000, 744.870000, 258.246065, 0.002000, 0.000000, 0.000000
-41.900000, 744.870000, 258.246599, 0.002000, 0.000000, 0.000000
-41.800000, 744.870000, 258.247132, 0.002000, 0.000000, 0.000000
-41.700000, 744.870000, 258.247666, 0.002000, 0.000000, 0.000000
-41.600000, 744.870000, 258.248200, 0.002000, 0.000000, 0.000000
-41.500000, 744.870000, 258.248734, 0.002000, 0.000000, 0.000000
-41.400000, 744.870000, 258.249267, 0.002000, 0.000000, 0.000000
-41.300000, 740.662000, 258.249801, 0.002000, 0.000000, 0.000000
-41.200000, 734.350000, 258.250335, 0.002000, 0.000000, 0.000000
-41.100000, 734.350000, 258.250868, 0.002000, 0.000000, 0.000000
-41.000000, 734.350000, 258.251402, 0.002000, 0.000000, 0.000000
-40.900000, 734.350000, 258.251936, 0.002000, 0.000000, 0.000000
-40.800000, 734.350000, 258.252469, 0.002000, 0.000000, 0.000000
-40.700000, 734.350000, 258.253003, 0.002000, 0.000000, 0.000000
-40.600000, 734.350000, 258.253537, 0.002000, 0.000000, 0.000000
-40.500000, 734.350000, 258.254071, 0.002000, 0.000000, 0.000000
-40.400000, 734.350000, 258.254604, 0.002000, 0.000000, 0.000000
-40.300000, 749.446000, 258.255138, 0.002000, 0.000000, 0.000000
-40.200000, 753.220000, 258.255672, 0.002000, 0.000000, 0.000000
-40.100000, 753.220000, 258.256205, 0.002000, 0.000000, 0.000000
-40.000000, 753.220000, 258.256739, 0.002000, 0.000000, 0.000000
-39.900000, 753.220000, 258.257273, 0.002000, 0.000000, 0.000000
-39.800000, 753.220000, 258.257806, 0.002000, 0.000000, 0.000000
-39.700000, 753.220000, 258.258340, 0.002000, 0.000000, 0.000000
-39.600000, 753.220000, 258.258874, 0.002000, 0.000000, 0.000000
-39.500000, 753.220000, 258.259407, 0.002000, 0.000000, 0.000000
-39.400000, 753.220000, 258.259941, 0.002000, 0.000000, 0.000000
-39.300000, 753.985000, 258.260475, 0.002000, 0.000000, 0.000000
-39.200000, 754.750000, 258.261009, 0.002000, 0.000000, 0.000000
-39.100000, 754.750000, 258.261542, 0.002000, 0.000000, 0.000000
-39.000000, 754.750000, 258.262076, 0.002000, 0.000000, 0.000000
-38.900000, 754.750000, 258.262610, 0.002000, 0.000000, 0.000000
-38.800000, 754.750000, 258.263143, 0.002000, 0.000000, 0.000000
-38.700000, 754.750000, 258.263677, 0.002000, 0.000000, 0.000000
-38.600000, 754.750000, 258.264211, 0.002000, 0.000000, 0.000000
-38.500000, 754.750000, 258.264744, 0.002000, 0.000000, 0.000000
-38.400000, 754.750000, 258.265278, 0.002000, 0.000000, 0.000000
-38.300000, 751.155000, 258.265812, 0.002000, 0.000000, 0.000000
-38.200000, 747.560000, 258.266346, 0.002000, 0.000000, 0.000000
-38.100000, 747.560000, 258.266879, 0.002000, 0.000000, 0.000000
-38.000000, 747.560000, 258.267413, 0.002000, 0.000000, 0.000000
-37.900000, 747.560000, 258.267947, 0.002000, 0.000000, 0.000000
-37.800000, 747.560000, 258.268480, 0.002000, 0.000000, 0.000000
-37.700000, 747.560000, 258.269014, 0.002000, 0.000000, 0.000000
-37.600000, 747.560000, 258.269548, 0.002000, 0.000000, 0.000000
-37.500000, 747.560000, 258.270081, 0.002000, 0.000000, 0.000000
-37.400000, 747.560000, 258.270615, 0.002000, 0.000000, 0.000000
-37.300000, 742.756000, 258.271149, 0.002000, 0.000000, 0.000000
-37.200000, 723.540000, 258.271682, 0.002000, 0.000000, 0.000000
-37.100000, 723.540000, 258.272216, 0.002000, 0.000000, 0.000000
-37.000000, 723.540000, 258.272750, 0.002000, 0.000000, 0.000000
-36.900000, 723.540000, 258.273284, 0.002000, 0.000000, 0.000000
-36.800000, 723.540000, 258.273817, 0.002000, 0.000000, 0.000000
-36.700000, 723.540000, 258.274351, 0.002000, 0.000000, 0.000000
-36.600000, 723.540000, 258.274885, 0.002000, 0.000000, 0.000000
-36.500000, 723.540000, 258.275418, 0.002000, 0.000000, 0.000000
-36.400000, 723.540000, 258.275952, 0.002000, 0.000000, 0.000000
-36.300000, 725.895000, 258.276486, 0.002000, 0.000000, 0.000000
-36.200000, 747.090000, 258.277019, 0.002000, 0.000000, 0.000000
-36.100000, 747.090000, 258.277553, 0.002000, 0.000000, 0.000000
-36.000000, 747.090000, 258.278087, 0.002000, 0.000000, 0.000000
-35.900000, 747.090000, 258.278620, 0.002000, 0.000000, 0.000000
-35.800000, 747.090000, 258.279154, 0.002000, 0.000000, 0.000000
-35.700000, 747.090000, 258.279688, 0.002000, 0.000000, 0.000000
-35.600000, 747.090000, 258.280222, 0.002000, 0.000000, 0.000000
-35.500000, 747.090000, 258.280755, 0.002000, 0.000000, 0.000000
-35.400000, 747.090000, 258.281289, 0.002000, 0.000000, 0.000000
-35.300000, 747.090000, 258.281823, 0.002000, 0.000000, 0.000000
-35.200000, 739.010000, 258.282356, 0.002000, 0.000000, 0.000000
-35.100000, 739.010000, 258.282890, 0.002000, 0.000000, 0.000000
-35.000000, 739.010000, 258.283424, 0.002000, 0.000000, 0.000000
-34.900000, 739.010000, 258.283957, 0.002000, 0.000000, 0.000000
-34.800000, 739.010000, 258.284491, 0.002000, 0.000000, 0.000000
-34.700000, 739.010000, 258.285025, 0.002000, 0.000000, 0.000000
-34.600000, 739.010000, 258.285559, 0.002000, 0.000000, 0.000000
-34.500000, 739.010000, 258.286092, 0.002000, 0.000000, 0.000000
-34.400000, 739.010000, 258.286626, 0.002000, 0.000000, 0.000000
-34.300000, 739.010000, 258.287160, 0.002000, 0.000000, 0.000000
-34.200000, 723.635000, 258.287693, 0.002000, 0.000000, 0.000000
-34.100000, 708.260000, 258.288227, 0.002000, 0.000000, 0.000000
-34.000000, 708.260000, 258.288761, 0.002000, 0.000000, 0.000000
-33.900000, 708.260000, 258.289294, 0.002000, 0.000000, 0.000000
-33.800000, 708.260000, 258.289828, 0.002000, 0.000000, 0.000000
-33.700000, 708.260000, 258.290362, 0.002000, 0.000000, 0.000000
-33.600000, 708.260000, 258.290895, 0.002000, 0.000000, 0.000000
-33.500000, 708.260000, 258.291429, 0.002000, 0.000000, 0.000000
-33.400000, 708.260000, 258.291963, 0.002000, 0.000000, 0.000000
-33.300000, 708.260000, 258.292497, 0.002000, 0.000000, 0.000000
-33.200000, 708.260000, 258.293030, 0.002000, 0.000000, 0.000000
-33.100000, 690.100000, 258.293564, 0.002000, 0.000000, 0.000000
-33.000000, 690.100000, 258.294098, 0.002000, 0.000000, 0.000000
-32.900000, 690.100000, 258.294631, 0.002000, 0.000000, 0.000000
-32.800000, 690.100000, 258.295165, 0.002000, 0.000000, 0.000000
-32.700000, 690.100000, 258.295699, 0.002000, 0.000000, 0.000000
-32.600000, 690.100000, 258.296232, 0.002000, 0.000000, 0.000000
-32.500000, 690.100000, 258.296766, 0.002000, 0.000000, 0.000000
-32.400000, 690.100000, 258.297300, 0.002000, 0.000000, 0.000000
-32.300000, 690.100000, 258.297834, 0.002000, 0.000000, 0.000000
-32.200000, 690.100000, 258.298367, 0.002000, 0.000000, 0.000000
-32.100000, 689.116000, 258.298901, 0.002000, 0.000000, 0.000000
-32.000000, 688.870000, 258.299435, 0.002000, 0.000000, 0.000000
-31.900000, 688.870000, 258.299968, 0.002000, 0.000000, 0.000000
-31.800000, 688.870000, 258.300502, 0.002000, 0.000000, 0.000000
-31.700000, 688.870000, 258.301036, 0.002000, 0.000000, 0.000000
-31.600000, 688.870000, 258.301569, 0.002000, 0.000000, 0.000000
-31.500000, 688.870000, 258.302103, 0.002000, 0.000000, 0.000000
-31.400000, 688.870000, 258.302637, 0.002000, 0.000000, 0.000000
-31.300000, 688.870000, 258.303170, 0.002000, 0.000000, 0.000000
-31.200000, 688.870000, 258.303704, 0.002000, 0.000000, 0.000000
-31.100000, 702.091000, 258.304238, 0.002000, 0.000000, 0.000000
-31.000000, 732.940000, 258.304772, 0.002000, 0.000000, 0.000000
-30.900000, 732.940000, 258.305305, 0.002000, 0.000000, 0.000000
-30.800000, 732.940000, 258.305839, 0.002000, 0.000000, 0.000000
-30.700000, 732.940000, 258.306373, 0.002000, 0.000000, 0.000000
-30.600000, 732.940000, 258.306906, 0.002000, 0.000000, 0.000000
-30.500000, 732.940000, 258.307440, 0.002000, 0.000000, 0.000000
-30.400000, 732.940000, 258.307974, 0.002000, 0.000000, 0.000000
-30.300000, 732.940000, 258.308507, 0.002000, 0.000000, 0.000000
-30.200000, 732.940000, 258.309041, 0.002000, 0.000000, 0.000000
-30.100000, 728.236000, 258.309575, 0.002000, 0.000000, 0.000000
-30.000000, 721.180000, 258.310109, 0.002000, 0.000000, 0.000000
-29.900000, 721.180000, 258.310642, 0.002000, 0.000000, 0.000000
-29.800000, 721.180000, 258.311176, 0.002000, 0.000000, 0.000000
-29.700000, 721.180000, 258.311710, 0.002000, 0.000000, 0.000000
-29.600000, 721.180000, 258.312243, 0.002000, 0.000000, 0.000000
-29.500000, 721.180000, 258.312777, 0.002000, 0.000000, 0.000000
-29.400000, 721.180000, 258.313311, 0.002000, 0.000000, 0.000000
-29.300000, 721.180000, 258.313844, 0.002000, 0.000000, 0.000000
-29.200000, 721.180000, 258.314378, 0.002000, 0.000000, 0.000000
-29.100000, 721.180000, 258.314912, 0.002000, 0.000000, 0.000000
-29.000000, 721.180000, 258.315445, 0.002000, 0.000000, 0.000000
-28.900000, 744.964000, 258.315979, 0.002000, 0.000000, 0.000000
-28.800000, 750.910000, 258.316513, 0.002000, 0.000000, 0.000000
-28.700000, 750.910000, 258.317047, 0.002000, 0.000000, 0.000000
-28.600000, 750.910000, 258.317580, 0.002000, 0.000000, 0.000000
-28.500000, 750.910000, 258.318114, 0.002000, 0.000000, 0.000000
-28.400000, 750.910000, 258.318648, 0.002000, 0.000000, 0.000000
-28.300000, 750.910000, 258.319181, 0.002000, 0.000000, 0.000000
-28.200000, 750.910000, 258.319715, 0.002000, 0.000000, 0.000000
-28.100000, 750.910000, 258.320249, 0.002000, 0.000000, 0.000000
-28.000000, 693.550000, 258.320782, 0.002000, 0.000000, 0.000000
-27.900000, 679.210000, 258.321316, 0.002000, 0.000000, 0.000000
-27.800000, 679.210000, 258.321850, 0.002000, 0.000000, 0.000000
-27.700000, 679.210000, 258.322383, 0.002000, 0.000000, 0.000000
-27.600000, 679.210000, 258.322917, 0.002000, 0.000000, 0.000000
-27.500000, 679.210000, 258.323451, 0.002000, 0.000000, 0.000000
-27.400000, 679.210000, 258.323985, 0.002000, 0.000000, 0.000000
-27.300000, 679.210000, 258.324518, 0.002000, 0.000000, 0.000000
-27.200000, 679.210000, 258.325052, 0.002000, 0.000000, 0.000000
-27.100000, 679.210000, 258.325586, 0.002000, 0.000000, 0.000000
-27.000000, 662.074000, 258.326119, 0.002000, 0.000000, 0.000000
-26.900000, 650.650000, 258.326653, 0.002000, 0.000000, 0.000000
-26.800000, 650.650000, 258.327187, 0.002000, 0.000000, 0.000000
-26.700000, 650.650000, 258.327720, 0.002000, 0.000000, 0.000000
-26.600000, 650.650000, 258.328254, 0.002000, 0.000000, 0.000000
-26.500000, 650.650000, 258.328788, 0.002000, 0.000000, 0.000000
-26.400000, 650.650000, 258.329322, 0.002000, 0.000000, 0.000000
-26.300000, 650.650000, 258.329855, 0.002000, 0.000000, 0.000000
-26.200000, 650.650000, 258.330389, 0.002000, 0.000000, 0.000000
-26.100000, 650.650000, 258.330923, 0.002000, 0.000000, 0.000000
-26.000000, 706.948000, 258.331456, 0.002000, 0.000000, 0.000000
-25.900000, 744.480000, 258.331990, 0.002000, 0.000000, 0.000000
-25.800000, 744.480000, 258.332524, 0.002000, 0.000000, 0.000000
-25.700000, 744.480000, 258.333057, 0.002000, 0.000000, 0.000000
-25.600000, 744.480000, 258.333591, 0.002000, 0.000000, 0.000000
-25.500000, 744.480000, 258.334125, 0.002000, 0.000000, 0.000000
-25.400000, 744.480000, 258.334658, 0.002000, 0.000000, 0.000000
-25.300000, 744.480000, 258.335192, 0.002000, 0.000000, 0.000000
-25.200000, 744.480000, 258.335726, 0.002000, 0.000000, 0.000000
-25.100000, 744.480000, 258.336260, 0.002000, 0.000000, 0.000000
-25.000000, 744.480000, 258.336793, 0.002000, 0.000000, 0.000000
-24.900000, 704.704000, 258.337327, 0.002000, 0.000000, 0.000000
-24.800000, 694.760000, 258.337861, 0.002000, 0.000000, 0.000000
-24.700000, 694.760000, 258.338394, 0.002000, 0.000000, 0.000000
-24.600000, 694.760000, 258.338928, 0.002000, 0.000000, 0.000000
-24.500000, 694.760000, 258.339462, 0.002000, 0.000000, 0.000000
-24.400000, 694.760000, 258.339995, 0.002000, 0.000000, 0.000000
-24.300000, 694.760000, 258.340529, 0.002000, 0.000000, 0.000000
-24.200000, 694.760000, 258.341063, 0.002000, 0.000000, 0.000000
-24.100000, 694.760000, 258.341597, 0.002000, 0.000000, 0.000000
-24.000000, 694.760000, 258.342130, 0.002000, 0.000000, 0.000000
-23.900000, 677.147000, 258.342664, 0.002000, 0.000000, 0.000000
-23.800000, 675.190000, 258.343198, 0.002000, 0.000000, 0.000000
-23.700000, 675.190000, 258.343731, 0.002000, 0.000000, 0.000000
-23.600000, 675.190000, 258.344265, 0.002000, 0.000000, 0.000000
-23.500000, 675.190000, 258.344799, 0.002000, 0.000000, 0.000000
-23.400000, 675.190000, 258.345332, 0.002000, 0.000000, 0.000000
-23.300000, 675.190000, 258.345866, 0.002000, 0.000000, 0.000000
-23.200000, 675.190000, 258.346400, 0.002000, 0.000000, 0.000000
-23.100000, 675.190000, 258.346933, 0.002000, 0.000000, 0.000000
-23.000000, 675.190000, 258.347467, 0.002000, 0.000000, 0.000000
-22.900000, 672.620000, 258.348001, 0.002000, 0.000000, 0.000000
-22.800000, 662.340000, 258.348535, 0.002000, 0.000000, 0.000000
-22.700000, 662.340000, 258.349068, 0.002000, 0.000000, 0.000000
-22.600000, 662.340000, 258.349602, 0.002000, 0.000000, 0.000000
-22.500000, 662.340000, 258.350136, 0.002000, 0.000000, 0.000000
-22.400000, 662.340000, 258.350669, 0.002000, 0.000000, 0.000000
-22.300000, 662.340000, 258.351203, 0.002000, 0.000000, 0.000000
-22.200000, 662.340000, 258.351737, 0.002000, 0.000000, 0.000000
-22.100000, 662.340000, 258.352270, 0.002000, 0.000000, 0.000000
-22.000000, 662.340000, 258.352804, 0.002000, 0.000000, 0.000000
-21.900000, 662.340000, 258.353338, 0.002000, 0.000000, 0.000000
-21.800000, 672.636000, 258.353871, 0.002000, 0.000000, 0.000000
-21.700000, 675.210000, 258.354405, 0.002000, 0.000000, 0.000000
-21.600000, 675.210000, 258.354939, 0.002000, 0.000000, 0.000000
-21.500000, 675.210000, 258.355473, 0.002000, 0.000000, 0.000000
-21.400000, 675.210000, 258.356006, 0.002000, 0.000000, 0.000000
-21.300000, 675.210000, 258.356540, 0.002000, 0.000000, 0.000000
-21.200000, 675.210000, 258.357074, 0.002000, 0.000000, 0.000000
-21.100000, 675.210000, 258.357607, 0.002000, 0.000000, 0.000000
-21.000000, 675.210000, 258.358141, 0.002000, 0.000000, 0.000000
-20.900000, 675.210000, 258.358675, 0.002000, 0.000000, 0.000000
-20.800000, 668.115000, 258.359208, 0.002000, 0.000000, 0.000000
-20.700000, 651.560000, 258.359742, 0.002000, 0.000000, 0.000000
-20.600000, 651.560000, 258.360276, 0.002000, 0.000000, 0.000000
-20.500000, 651.560000, 258.360810, 0.002000, 0.000000, 0.000000
-20.400000, 651.560000, 258.361343, 0.002000, 0.000000, 0.000000
-20.300000, 651.560000, 258.361877, 0.002000, 0.000000, 0.000000
-20.200000, 651.560000, 258.362411, 0.002000, 0.000000, 0.000000
-20.100000, 651.560000, 258.362944, 0.002000, 0.000000, 0.000000
-20.000000, 661.930000, 258.363478, 0.002000, 0.000000, 0.000000
-19.900000, 661.930000, 258.364012, 0.002000, 0.000000, 0.000000
-19.800000, 661.930000, 258.364545, 0.002000, 0.000000, 0.000000
-19.700000, 661.930000, 258.365079, 0.002000, 0.000000, 0.000000
-19.600000, 661.930000, 258.365613, 0.002000, 0.000000, 0.000000
-19.500000, 661.930000, 258.366146, 0.002000, 0.000000, 0.000000
-19.400000, 661.930000, 258.366680, 0.002000, 0.000000, 0.000000
-19.300000, 661.930000, 258.367214, 0.002000, 0.000000, 0.000000
-19.200000, 661.930000, 258.367748, 0.002000, 0.000000, 0.000000
-19.100000, 667.360000, 258.368281, 0.002000, 0.000000, 0.000000
-19.000000, 672.790000, 258.368815, 0.002000, 0.000000, 0.000000
-18.900000, 672.790000, 258.369349, 0.002000, 0.000000, 0.000000
-18.800000, 672.790000, 258.369882, 0.002000, 0.000000, 0.000000
-18.700000, 672.790000, 258.370416, 0.002000, 0.000000, 0.000000
-18.600000, 672.790000, 258.370950, 0.002000, 0.000000, 0.000000
-18.500000, 672.790000, 258.371483, 0.002000, 0.000000, 0.000000
-18.400000, 672.790000, 258.372017, 0.002000, 0.000000, 0.000000
-18.300000, 672.790000, 258.372551, 0.002000, 0.000000, 0.000000
-18.200000, 672.790000, 258.373085, 0.002000, 0.000000, 0.000000
-18.100000, 670.726000, 258.373618, 0.002000, 0.000000, 0.000000
-18.000000, 662.470000, 258.374152, 0.002000, 0.000000, 0.000000
-17.900000, 662.470000, 258.374686, 0.002000, 0.000000, 0.000000
-17.800000, 662.470000, 258.375219, 0.002000, 0.000000, 0.000000
-17.700000, 662.470000, 258.375753, 0.002000, 0.000000, 0.000000
-17.600000, 662.470000, 258.376287, 0.002000, 0.000000, 0.000000
-17.500000, 662.470000, 258.376820, 0.002000, 0.000000, 0.000000
-17.400000, 658.018938, 258.377354, 0.002000, 0.000000, 0.000000
-17.300000, 656.111341, 258.377888, 0.002000, 0.000000, 0.000000
-17.200000, 908.558589, 258.378421, 0.002000, 0.000000, 0.000000
-17.100000, 663.753772, 258.378955, 0.002000, 0.000000, 0.000000
-17.000000, 811.519921, 258.379489, 0.002000, 0.000000, 0.000000
-16.900000, 774.816040, 258.380023, 0.002000, 0.000000, 0.000000
-16.800000, 879.013406, 258.380556, 0.002000, 0.000000, 0.000000
-16.700000, 905.218300, 258.381090, 0.002000, 0.000000, 0.000000
-16.600000, 903.960779, 258.381624, 0.002000, 0.000000, 0.000000
-16.500000, 634.419111, 258.382157, 0.002000, 0.000000, 0.000000
-16.400000, 631.636847, 258.382691, 0.002000, 0.000000, 0.000000
-16.300000, 624.751922, 258.383225, 0.002000, 0.000000, 0.000000
-16.200000, 621.215146, 258.383758, 0.002000, 0.000000, 0.000000
-16.100000, 692.107866, 258.384292, 0.002000, 0.000000, 0.000000
-16.000000, 767.794883, 258.384826, 0.002000, 0.000000, 0.000000
-15.900000, 714.083038, 258.385359, 0.002000, 0.000000, 0.000000
-15.800000, 664.002282, 258.385893, 0.002000, 0.000000, 0.000000
-15.700000, 656.897291, 258.386427, 0.002000, 0.000000, 0.000000
-15.600000, 740.467390, 258.386961, 0.002000, 0.000000, 0.000000
-15.500000, 690.693156, 258.387494, 0.002000, 0.000000, 0.000000
-15.400000, 690.693156, 258.388028, 0.002000, 0.000000, 0.000000
-15.300000, 668.214976, 258.388562, 0.002000, 0.000000, 0.000000
-15.200000, 673.370810, 258.389095, 0.002000, 0.000000, 0.000000
-15.100000, 773.194362, 258.389629, 0.002000, 0.000000, 0.000000
-15.000000, 842.163648, 258.390163, 0.002000, 0.000000, 0.000000
-14.900000, 702.876815, 258.390696, 0.002000, 0.000000, 0.000000
-14.800000, 646.082614, 258.391230, 0.002000, 0.000000, 0.000000
-14.700000, 784.535626, 258.391764, 0.002000, 0.000000, 0.000000
-14.600000, 704.761667, 258.392298, 0.002000, 0.000000, 0.000000
-14.500000, 675.170636, 258.392831, 0.002000, 0.000000, 0.000000
-14.400000, 630.528657, 258.393365, 0.002000, 0.000000, 0.000000
-14.300000, 822.578949, 258.393899, 0.002000, 0.000000, 0.000000
-14.200000, 673.779504, 258.394432, 0.002000, 0.000000, 0.000000
-14.100000, 659.811500, 258.394966, 0.002000, 0.000000, 0.000000
-14.000000, 636.882111, 258.395500, 0.002000, 0.000000, 0.000000
-13.900000, 587.890852, 258.396033, 0.002000, 0.000000, 0.000000
-13.800000, 630.764442, 258.396567, 0.002000, 0.000000, 0.000000
-13.700000, 599.082784, 258.397101, 0.002000, 0.000000, 0.000000
-13.600000, 617.128204, 258.397634, 0.002000, 0.000000, 0.000000
-13.500000, 621.529526, 258.398168, 0.002000, 0.000000, 0.000000
-13.400000, 618.888733, 258.398702, 0.002000, 0.000000, 0.000000
-13.300000, 629.074649, 258.399236, 0.002000, 0.000000, 0.000000
-13.200000, 620.114815, 258.399769, 0.002000, 0.000000, 0.000000
-13.100000, 589.698537, 258.400303, 0.002000, 0.000000, 0.000000
-13.000000, 586.318951, 258.400837, 0.002000, 0.000000, 0.000000
-12.900000, 904.742197, 258.401370, 0.002000, 0.000000, 0.000000
-12.800000, 871.206299, 258.401904, 0.002000, 0.000000, 0.000000
-12.700000, 730.965485, 258.402438, 0.002000, 0.000000, 0.000000
-12.600000, 598.599718, 258.402971, 0.002000, 0.000000, 0.000000
-12.500000, 638.781740, 258.403505, 0.002000, 0.000000, 0.000000
-12.400000, 717.616469, 258.404039, 0.002000, 0.000000, 0.000000
-12.300000, 707.210769, 258.404573, 0.002000, 0.000000, 0.000000
-12.200000, 662.839076, 258.405106, 0.002000, 0.000000, 0.000000
-12.100000, 663.285944, 258.405640, 0.002000, 0.000000, 0.000000
-12.000000, 622.629856, 258.406174, 0.002000, 0.000000, 0.000000
-11.900000, 571.700275, 258.406707, 0.002000, 0.000000, 0.000000
-11.800000, 571.763151, 258.407241, 0.002000, 0.000000, 0.000000
-11.700000, 593.455380, 258.407775, 0.002000, 0.000000, 0.000000
-11.600000, 606.470717, 258.408308, 0.002000, 0.000000, 0.000000
-11.500000, 605.731924, 258.408842, 0.002000, 0.000000, 0.000000
-11.400000, 589.834769, 258.409376, 0.002000, 0.000000, 0.000000
-11.300000, 668.397519, 258.409909, 0.002000, 0.000000, 0.000000
-11.200000, 627.199524, 258.410443, 0.002000, 0.000000, 0.000000
-11.100000, 540.482327, 258.410977, 0.002000, 0.000000, 0.000000
-11.000000, 552.664557, 258.411511, 0.002000, 0.000000, 0.000000
-10.900000, 552.192987, 258.412044, 0.002000, 0.000000, 0.000000
-10.800000, 792.642703, 258.412578, 0.002000, 0.000000, 0.000000
-10.700000, 890.088756, 258.413112, 0.002000, 0.000000, 0.000000
-10.600000, 820.492854, 258.413645, 0.002000, 0.000000, 0.000000
-10.500000, 662.386229, 258.414179, 0.002000, 0.000000, 0.000000
-10.400000, 572.957795, 258.414713, 0.002000, 0.000000, 0.000000
-10.300000, 686.945413, 258.415246, 0.002000, 0.000000, 0.000000
-10.200000, 614.056793, 258.415780, 0.002000, 0.000000, 0.000000
-10.100000, 688.170255, 258.416314, 0.002000, 0.000000, 0.000000
-10.000000, 562.677565, 258.416848, 0.002000, 0.000000, 0.000000
-9.900000, 598.430446, 258.417381, 0.002000, 0.000000, 0.000000
-9.800000, 867.571279, 258.417915, 0.002000, 0.000000, 0.000000
-9.700000, 679.061091, 258.418449, 0.002000, 0.000000, 0.000000
-9.600000, 654.413688, 258.418982, 0.002000, 0.000000, 0.000000
-9.500000, 646.554185, 258.419516, 0.002000, 0.000000, 0.000000
-9.400000, 666.391571, 258.417254, 0.002000, 0.000000, 0.000000
-9.300000, 696.528837, 258.387754, 0.002000, 0.000000, 0.000000
-9.200000, 709.669322, 258.358254, 0.002000, 0.000000, 0.000000
-9.100000, 603.184236, 258.328754, 0.002000, 0.000000, 0.000000
-9.000000, 583.253745, 258.299254, 0.002000, 0.000000, 0.000000
-8.900000, 688.394482, 258.269754, 0.002000, 0.000000, 0.000000
-8.800000, 729.492740, 258.240254, 0.002000, 0.000000, 0.000000
-8.700000, 566.255478, 258.210754, 0.002000, 0.000000, 0.000000
-8.600000, 570.725696, 258.181254, 0.002000, 0.000000, 0.000000
-8.500000, 627.502748, 258.151754, 0.002000, 0.000000, 0.000000
-8.400000, 762.210706, 258.122254, 0.002000, 0.000000, 0.000000
-8.300000, 842.145785, 258.092754, 0.002000, 0.000000, 0.000000
-8.200000, 511.850156, 258.063254, 0.002000, 0.000000, 0.000000
-8.100000, 540.020983, 258.033754, 0.002000, 0.000000, 0.000000
-8.000000, 694.479915, 258.004254, 0.002000, 0.000000, 0.000000
-7.900000, 530.925171, 257.974754, 0.002000, 0.000000, 0.000000
-7.800000, 583.819629, 257.945254, 0.002000, 0.000000, 0.000000
-7.700000, 576.849372, 257.915754, 0.002000, 0.000000, 0.000000
-7.600000, 592.361887, 257.886254, 0.002000, 0.000000, 0.000000
-7.500000, 519.639863, 257.856754, 0.002000, 0.000000, 0.000000
-7.400000, 796.069447, 257.824974, 0.002000, 0.000000, 0.000000
-7.300000, 901.799416, 257.770974, 0.002000, 0.000000, 0.000000
-7.200000, 844.896611, 257.716974, 0.002000, 0.000000, 0.000000
-7.100000, 896.710387, 257.662974, 0.002000, 0.000000, 0.000000
-7.000000, 838.818596, 257.608974, 0.002000, 0.000000, 0.000000
-6.900000, 771.773289, 257.554974, 0.002000, 0.000000, 0.000000
-6.800000, 557.294928, 257.500974, 0.002000, 0.000000, 0.000000
-6.700000, 702.757493, 257.446974, 0.002000, 0.000000, 0.000000
-6.600000, 547.807384, 257.392974, 0.002000, 0.000000, 0.000000
-6.500000, 789.880088, 257.338974, 0.002000, 0.000000, 0.000000
-6.400000, 893.625532, 257.284974, 0.002000, 0.000000, 0.000000
-6.300000, 897.083714, 257.230974, 0.002000, 0.000000, 0.000000
-6.200000, 523.639412, 257.176974, 0.002000, 0.000000, 0.000000
-6.100000, 597.027524, 257.122974, 0.002000, 0.000000, 0.000000
-6.000000, 576.007282, 257.068974, 0.002000, 0.000000, 0.000000
-5.900000, 733.228788, 257.014974, 0.002000, 0.000000, 0.000000
-5.800000, 579.893807, 256.960974, 0.002000, 0.000000, 0.000000
-5.700000, 629.624814, 256.906974, 0.002000, 0.000000, 0.000000
-5.600000, 708.494931, 256.852974, 0.002000, 0.000000, 0.000000
-5.500000, 605.179513, 256.798974, 0.002000, 0.000000, 0.000000
-5.400000, 866.914449, 256.742926, 0.002000, 0.000000, 0.000000
-5.300000, 625.125249, 256.666926, 0.002000, 0.000000, 0.000000
-5.200000, 524.032387, 256.590926, 0.002000, 0.000000, 0.000000
-5.100000, 507.684620, 256.514926, 0.002000, 0.000000, 0.000000
-5.000000, 446.478737, 256.438926, 0.002000, 0.000000, 0.000000
-4.900000, 440.132188, 256.362926, 0.002000, 0.000000, 0.000000
-4.800000, 448.934832, 256.286926, 0.002000, 0.000000, 0.000000
-4.700000, 460.566897, 256.210926, 0.002000, 0.000000, 0.000000
-4.600000, 487.132018, 256.134926, 0.002000, 0.000000, 0.000000
-4.500000, 524.904792, 256.058926, 0.002000, 0.000000, 0.000000
-4.400000, 646.169069, 255.985626, 0.002000, 0.000000, 0.000000
-4.300000, 867.099708, 255.938626, 0.002000, 0.000000, 0.000000
-4.200000, 728.493437, 255.891626, 0.002000, 0.000000, 0.000000
-4.100000, 405.078803, 255.844626, 0.002000, 0.000000, 0.000000
-4.000000, 708.687488, 255.797626, 0.002000, 0.000000, 0.000000
-3.900000, 616.951365, 255.750626, 0.002000, 0.000000, 0.000000
-3.800000, 521.289420, 255.703626, 0.002000, 0.000000, 0.000000
-3.700000, 591.427628, 255.656626, 0.002000, 0.000000, 0.000000
-3.600000, 886.551979, 255.609626, 0.002000, 0.000000, 0.000000
-3.500000, 491.082729, 255.562626, 0.002000, 0.000000, 0.000000
-3.400000, 608.873601, 255.518511, 0.002000, 0.000000, 0.000000
-3.300000, 724.441863, 255.502511, 0.002000, 0.000000, 0.000000
-3.200000, 502.065075, 255.486511, 0.002000, 0.000000, 0.000000
-3.100000, 734.729953, 255.470511, 0.002000, 0.000000, 0.000000
-3.000000, 865.665349, 255.454511, 0.002000, 0.000000, 0.000000
-2.900000, 578.878621, 255.438511, 0.002000, 0.000000, 0.000000
-2.800000, 401.652060, 255.422511, 0.002000, 0.000000, 0.000000
-2.700000, 366.755865, 255.406511, 0.002000, 0.000000, 0.000000
-2.600000, 349.399223, 255.390511, 0.002000, 0.000000, 0.000000
-2.500000, 392.132058, 255.374511, 0.002000, 0.000000, 0.000000
-2.400000, 452.943179, 255.364840, 0.002000, 0.000000, 0.000000
-2.300000, 496.186166, 255.416840, 0.002000, 0.000000, 0.000000
-2.200000, 465.675574, 255.468840, 0.002000, 0.000000, 0.000000
-2.100000, 462.865802, 255.520840, 0.002000, 0.000000, 0.000000
-2.000000, 487.797765, 255.572840, 0.002000, 0.000000, 0.000000
-1.900000, 394.044061, 255.624840, 0.002000, 0.000000, 0.000000
-1.800000, 348.541549, 255.676840, 0.002000, 0.000000, 0.000000
-1.700000, 361.414078, 255.728840, 0.002000, 0.000000, 0.000000
-1.600000, 387.127698, 255.780840, 0.002000, 0.000000, 0.000000
-1.500000, 707.390067, 255.832840, 0.002000, 0.000000, 0.000000
-1.400000, 713.141560, 255.884281, 0.002000, 0.000000, 0.000000
-1.300000, 632.160553, 255.930281, 0.002000, 0.000000, 0.000000
-1.200000, 425.380979, 255.976281, 0.002000, 0.000000, 0.000000
-1.100000, 396.642936, 256.022281, 0.002000, 0.000000, 0.000000
-1.000000, 492.810510, 256.068281, 0.002000, 0.000000, 0.000000
-0.900000, 468.987794, 256.114281, 0.002000, 0.000000, 0.000000
-0.800000, 467.977286, 256.160281, 0.002000, 0.000000, 0.000000
-0.700000, 375.575650, 256.206281, 0.002000, 0.000000, 0.000000
-0.600000, 337.221253, 256.252281, 0.002000, 0.000000, 0.000000
-0.500000, 348.437982, 256.298281, 0.002000, 0.000000, 0.000000
-0.400000, 306.176310, 256.406037, 0.002000, 0.000000, 0.000000
-0.300000, 278.001862, 257.115543, 0.002000, 0.000000, 0.000000
-0.200000, 290.112982, 257.825050, 0.002000, 0.000000, 0.000000
-0.100000, 302.224103, 258.534556, 0.002000, 0.000000, 0.000000
