-60.000000, 900.000000, 272.150000, 0.000500, 0.000000, 0.000000
-59.900000, 900.000000, 272.150142, 0.000500, 0.000000, 0.000000
-59.800000, 900.000000, 272.150285, 0.000500, 0.000000, 0.000000
-59.700000, 900.000000, 272.150427, 0.000500, 0.000000, 0.000000
-59.600000, 900.000000, 272.150570, 0.000500, 0.000000, 0.000000
-59.500000, 900.000000, 272.150712, 0.000500, 0.000000, 0.000000
-59.400000, 900.000000, 272.150855, 0.000500, 0.000000, 0.000000
-59.300000, 900.000000, 272.150997, 0.000500, 0.000000, 0.000000
-59.200000, 900.000000, 272.151140, 0.000500, 0.000000, 0.000000
-59.100000, 900.000000, 272.151282, 0.000500, 0.000000, 0.000000
-59.000000, 900.000000, 272.151425, 0.000500, 0.000000, 0.000000
-58.900000, 900.000000, 272.151567, 0.000500, 0.000000, 0.000000
-58.800000, 900.000000, 272.151710, 0.000500, 0.000000, 0.000000
-58.700000, 900.000000, 272.151852, 0.000500, 0.000000, 0.000000
-58.600000, 900.000000, 272.151995, 0.000500, 0.000000, 0.000000
-58.500000, 900.000000, 272.152137, 0.000500, 0.000000, 0.000000
-58.400000, 900.000000, 272.152279, 0.000500, 0.000000, 0.000000
-58.300000, 900.000000, 272.152422, 0.000500, 0.000000, 0.000000
-58.200000, 900.000000, 272.152564, 0.000500, 0.000000, 0.000000
-58.100000, 900.000000, 272.152707, 0.000500, 0.000000, 0.000000
-58.000000, 900.000000, 272.152849, 0.000500, 0.000000, 0.000000
-57.900000, 900.000000, 272.152992, 0.000500, 0.000000, 0.000000
-57.800000, 900.000000, 272.153134, 0.000500, 0.000000, 0.000000
-57.700000, 900.000000, 272.153277, 0.000500, 0.000000, 0.000000
-57.600000, 900.000000, 272.153419, 0.000500, 0.000000, 0.000000
-57.500000, 900.000000, 272.153562, 0.000500, 0.000000, 0.000000
-57.400000, 900.000000, 272.153704, 0.000500, 0.000000, 0.000000
-57.300000, 900.000000, 272.153847, 0.000500, 0.000000, 0.000000
-57.200000, 900.000000, 272.153989, 0.000500, 0.000000, 0.000000
-57.100000, 900.000000, 272.154132, 0.000500, 0.000000, 0.000000
-57.000000, 900.000000, 272.154274, 0.000500, 0.000000, 0.000000
-56.900000, 900.000000, 272.154416, 0.000500, 0.000000, 0.000000
-56.800000, 900.000000, 272.154559, 0.000500, 0.000000, 0.000000
-56.700000, 900.000000, 272.154701, 0.000500, 0.000000, 0.000000
-56.600000, 900.000000, 272.154844, 0.000500, 0.000000, 0.000000
-56.500000, 900.000000, 272.154986, 0.000500, 0.000000, 0.000000
-56.400000, 900.000000, 272.155129, 0.000500, 0.000000, 0.000000
-56.300000, 900.000000, 272.155271, 0.000500, 0.000000, 0.000000
-56.200000, 900.000000, 272.155414, 0.000500, 0.000000, 0.000000
-56.100000, 900.000000, 272.155556, 0.000500, 0.000000, 0.000000
-56.000000, 900.000000, 272.155699, 0.000500, 0.000000, 0.000000
-55.900000, 900.000000, 272.155841, 0.000500, 0.000000, 0.000000
-55.800000, 900.000000, 272.155984, 0.000500, 0.000000, 0.000000
-55.700000, 900.000000, 272.156126, 0.000500, 0.000000, 0.000000
-55.600000, 900.000000, 272.156268, 0.000500, 0.000000, 0.000000
-55.500000, 900.000000, 272.156411, 0.000500, 0.000000, 0.000000
-55.400000, 900.000000, 272.156553, 0.000500, 0.000000, 0.000000
-55.300000, 900.000000, 272.156696, 0.000500, 0.000000, 0.000000
-55.200000, 900.000000, 272.156838, 0.000500, 0.000000, 0.000000
-55.100000, 900.000000, 272.156981, 0.000500, 0.000000, 0.000000
-55.000000, 900.000000, 272.157123, 0.000500, 0.000000, 0.000000
-54.900000, 900.000000, 272.157266, 0.000500, 0.000000, 0.000000
-54.800000, 900.000000, 272.157408, 0.000500, 0.000000, 0.000000
-54.700000, 900.000000, 272.157551, 0.000500, 0.000000, 0.000000
-54.600000, 900.000000, 272.157693, 0.000500, 0.000000, 0.000000
-54.500000, 900.000000, 272.157836, 0.000500, 0.000000, 0.000000
-54.400000, 900.000000, 272.157978, 0.000500, 0.000000, 0.000000
-54.300000, 900.000000, 272.158121, 0.000500, 0.000000, 0.000000
-54.200000, 900.000000, 272.158263, 0.000500, 0.000000, 0.000000
-54.100000, 900.000000, 272.158405, 0.000500, 0.000000, 0.000000
-54.000000, 900.000000, 272.158548, 0.000500, 0.000000, 0.000000
-53.900000, 900.000000, 272.158690, 0.000500, 0.000000, 0.000000
-53.800000, 899.799777, 272.158833, 0.000500, 0.000000, 0.000000
-53.700000, 899.342642, 272.158975, 0.000500, 0.000000, 0.000000
-53.600000, 898.892019, 272.159118, 0.000500, 0.000000, 0.000000
-53.500000, 898.448746, 272.159260, 0.000500, 0.000000, 0.000000
-53.400000, 898.012768, 272.159403, 0.000500, 0.000000, 0.000000
-53.300000, 897.584032, 272.159545, 0.000500, 0.000000, 0.000000
-53.200000, 897.162484, 272.159688, 0.000500, 0.000000, 0.000000
-53.100000, 896.748071, 272.159830, 0.000500, 0.000000, 0.000000
-53.000000, 896.340740, 272.159973, 0.000500, 0.000000, 0.000000
-52.900000, 895.940436, 272.160115, 0.000500, 0.000000, 0.000000
-52.800000, 895.547107, 272.160258, 0.000500, 0.000000, 0.000000
-52.700000, 895.160698, 272.160400, 0.000500, 0.000000, 0.000000
-52.600000, 894.781157, 272.160542, 0.000500, 0.000000, 0.000000
-52.500000, 894.408429, 272.160685, 0.000500, 0.000000, 0.000000
-52.400000, 894.042462, 272.160827, 0.000500, 0.000000, 0.000000
-52.300000, 893.683200, 272.160970, 0.000500, 0.000000, 0.000000
-52.200000, 893.330592, 272.161112, 0.000500, 0.000000, 0.000000
-52.100000, 892.984584, 272.161255, 0.000500, 0.000000, 0.000000
-52.000000, 892.645121, 272.161397, 0.000500, 0.000000, 0.000000
-51.900000, 892.312151, 272.161540, 0.000500, 0.000000, 0.000000
-51.800000, 891.985619, 272.161682, 0.000500, 0.000000, 0.000000
-51.700000, 891.665473, 272.161825, 0.000500, 0.000000, 0.000000
-51.600000, 891.351659, 272.161967, 0.000500, 0.000000, 0.000000
-51.500000, 891.044123, 272.162110, 0.000500, 0.000000, 0.000000
-51.400000, 890.742811, 272.162252, 0.000500, 0.000000, 0.000000
-51.300000, 890.447671, 272.162395, 0.000500, 0.000000, 0.000000
-51.200000, 890.158649, 272.162537, 0.000500, 0.000000, 0.000000
-51.100000, 889.875690, 272.162679, 0.000500, 0.000000, 0.000000
-51.000000, 889.598742, 272.162822, 0.000500, 0.000000, 0.000000
-50.900000, 889.327751, 272.162964, 0.000500, 0.000000, 0.000000
-50.800000, 889.062664, 272.163107, 0.000500, 0.000000, 0.000000
-50.700000, 888.803426, 272.163249, 0.000500, 0.000000, 0.000000
-50.600000, 888.549985, 272.163392, 0.000500, 0.000000, 0.000000
-50.500000, 884.788577, 272.163534, 0.000500, 0.000000, 0.000000
-50.400000, 853.055346, 272.163677, 0.000500, 0.000000, 0.000000
-50.300000, 852.297917, 272.163819, 0.000500, 0.000000, 0.000000
-50.200000, 845.481048, 272.163962, 0.000500, 0.000000, 0.000000
-50.100000, 850.201377, 272.164104, 0.000500, 0.000000, 0.000000
-50.000000, 892.684333, 272.164247, 0.000500, 0.000000, 0.000000
-49.900000, 890.840745, 272.164389, 0.000500, 0.000000, 0.000000
-49.800000, 874.248460, 272.164532, 0.000500, 0.000000, 0.000000
-49.700000, 875.466701, 272.164674, 0.000500, 0.000000, 0.000000
-49.600000, 886.322596, 272.164816, 0.000500, 0.000000, 0.000000
-49.500000, 886.129381, 272.164959, 0.000500, 0.000000, 0.000000
-49.400000, 881.459862, 272.165101, 0.000500, 0.000000, 0.000000
-49.300000, 841.043572, 272.165244, 0.000500, 0.000000, 0.000000
-49.200000, 841.043572, 272.165386, 0.000500, 0.000000, 0.000000
-49.100000, 876.521061, 272.165529, 0.000500, 0.000000, 0.000000
-49.000000, 885.239546, 272.165671, 0.000500, 0.000000, 0.000000
-48.900000, 885.076452, 272.165814, 0.000500, 0.000000, 0.000000
-48.800000, 884.918190, 272.165956, 0.000500, 0.000000, 0.000000
-48.700000, 895.008547, 272.166099, 0.000500, 0.000000, 0.000000
-48.600000, 897.554349, 272.166241, 0.000500, 0.000000, 0.000000
-48.500000, 882.574192, 272.166384, 0.000500, 0.000000, 0.000000
-48.400000, 878.829153, 272.166526, 0.000500, 0.000000, 0.000000
-48.300000, 877.325083, 272.166668, 0.000500, 0.000000, 0.000000
-48.200000, 876.949066, 272.166811, 0.000500, 0.000000, 0.000000
-48.100000, 876.949066, 272.166953, 0.000500, 0.000000, 0.000000
-48.000000, 883.127194, 272.167096, 0.000500, 0.000000, 0.000000
-47.900000, 883.702472, 272.167238, 0.000500, 0.000000, 0.000000
-47.800000, 883.589592, 272.167381, 0.000500, 0.000000, 0.000000
-47.700000, 883.480956, 272.167523, 0.000500, 0.000000, 0.000000
-47.600000, 883.376511, 272.167666, 0.000500, 0.000000, 0.000000
-47.500000, 883.276202, 272.167808, 0.000500, 0.000000, 0.000000
-47.400000, 890.080592, 272.167951, 0.000500, 0.000000, 0.000000
-47.300000, 890.842590, 272.168093, 0.000500, 0.000000, 0.000000
-47.200000, 884.832891, 272.168236, 0.000500, 0.000000, 0.000000
-47.100000, 884.165146, 272.168378, 0.000500, 0.000000, 0.000000
-47.000000, 884.165146, 272.168521, 0.000500, 0.000000, 0.000000
-46.900000, 900.789528, 272.168663, 0.000500, 0.000000, 0.000000
-46.800000, 904.945623, 272.168805, 0.000500, 0.000000, 0.000000
-46.700000, 891.231592, 272.168948, 0.000500, 0.000000, 0.000000
-46.600000, 887.803084, 272.169090, 0.000500, 0.000000, 0.000000
-46.500000, 896.148997, 272.169233, 0.000500, 0.000000, 0.000000
-46.400000, 898.235475, 272.169375, 0.000500, 0.000000, 0.000000
-46.300000, 901.192629, 272.169518, 0.000500, 0.000000, 0.000000
-46.200000, 901.931917, 272.169660, 0.000500, 0.000000, 0.000000
-46.100000, 902.311690, 272.169803, 0.000500, 0.000000, 0.000000
-46.000000, 902.406634, 272.169945, 0.000500, 0.000000, 0.000000
-45.900000, 902.406634, 272.170088, 0.000500, 0.000000, 0.000000
-45.800000, 890.249437, 272.170230, 0.000500, 0.000000, 0.000000
-45.700000, 882.116972, 272.170373, 0.000500, 0.000000, 0.000000
-45.600000, 896.482949, 272.170515, 0.000500, 0.000000, 0.000000
-45.500000, 906.075434, 272.170658, 0.000500, 0.000000, 0.000000
-45.400000, 896.381262, 272.170800, 0.000500, 0.000000, 0.000000
-45.300000, 889.918480, 272.170942, 0.000500, 0.000000, 0.000000
-45.200000, 885.157761, 272.171085, 0.000500, 0.000000, 0.000000
-45.100000, 881.970577, 272.171227, 0.000500, 0.000000, 0.000000
-45.000000, 890.437087, 272.171370, 0.000500, 0.000000, 0.000000
-44.900000, 896.088356, 272.171512, 0.000500, 0.000000, 0.000000
-44.800000, 896.088356, 272.171655, 0.000500, 0.000000, 0.000000
-44.700000, 889.008392, 272.171797, 0.000500, 0.000000, 0.000000
-44.600000, 881.926022, 272.171940, 0.000500, 0.000000, 0.000000
-44.500000, 895.893732, 272.172082, 0.000500, 0.000000, 0.000000
-44.400000, 909.862584, 272.172225, 0.000500, 0.000000, 0.000000
-44.300000, 895.896957, 272.172367, 0.000500, 0.000000, 0.000000
-44.200000, 881.936248, 272.172510, 0.000500, 0.000000, 0.000000
-44.100000, 891.471795, 272.172652, 0.000500, 0.000000, 0.000000
-44.000000, 901.001267, 272.172795, 0.000500, 0.000000, 0.000000
-43.900000, 892.690869, 272.172937, 0.000500, 0.000000, 0.000000
-43.800000, 880.225272, 272.173079, 0.000500, 0.000000, 0.000000
-43.700000, 880.225272, 272.173222, 0.000500, 0.000000, 0.000000
-43.600000, 881.253725, 272.173364, 0.000500, 0.000000, 0.000000
-43.500000, 890.509801, 272.173507, 0.000500, 0.000000, 0.000000
-43.400000, 889.618969, 272.173649, 0.000500, 0.000000, 0.000000
-43.300000, 881.601485, 272.173792, 0.000500, 0.000000, 0.000000
-43.200000, 881.654244, 272.173934, 0.000500, 0.000000, 0.000000
-43.100000, 882.145156, 272.174077, 0.000500, 0.000000, 0.000000
-43.000000, 882.175583, 272.174219, 0.000500, 0.000000, 0.000000
-42.900000, 882.207683, 272.174362, 0.000500, 0.000000, 0.000000
-42.800000, 883.108385, 272.174504, 0.000500, 0.000000, 0.000000
-42.700000, 890.926838, 272.174647, 0.000500, 0.000000, 0.000000
-42.600000, 886.720311, 272.174789, 0.000500, 0.000000, 0.000000
-42.500000, 848.861567, 272.174932, 0.000500, 0.000000, 0.000000
-42.400000, 872.336691, 272.175074, 0.000500, 0.000000, 0.000000
-42.300000, 882.432438, 272.175216, 0.000500, 0.000000, 0.000000
-42.200000, 882.474756, 272.175359, 0.000500, 0.000000, 0.000000
-42.100000, 882.518320, 272.175501, 0.000500, 0.000000, 0.000000
-42.000000, 880.459944, 272.175644, 0.000500, 0.000000, 0.000000
-41.900000, 879.565390, 272.175786, 0.000500, 0.000000, 0.000000
-41.800000, 871.934373, 272.175929, 0.000500, 0.000000, 0.000000
-41.700000, 868.663937, 272.176071, 0.000500, 0.000000, 0.000000
-41.600000, 888.717136, 272.176214, 0.000500, 0.000000, 0.000000
-41.500000, 897.311364, 272.176356, 0.000500, 0.000000, 0.000000
-41.400000, 856.550937, 272.176499, 0.000500, 0.000000, 0.000000
-41.300000, 846.014034, 272.176641, 0.000500, 0.000000, 0.000000
-41.200000, 908.400691, 272.176784, 0.000500, 0.000000, 0.000000
-41.100000, 905.864098, 272.176926, 0.000500, 0.000000, 0.000000
-41.000000, 883.064410, 272.177068, 0.000500, 0.000000, 0.000000
-40.900000, 883.519023, 272.177211, 0.000500, 0.000000, 0.000000
-40.800000, 887.146148, 272.177353, 0.000500, 0.000000, 0.000000
-40.700000, 888.281647, 272.177496, 0.000500, 0.000000, 0.000000
-40.600000, 898.501136, 272.177638, 0.000500, 0.000000, 0.000000
-40.500000, 895.473630, 272.177781, 0.000500, 0.000000, 0.000000
-40.400000, 883.397582, 272.177923, 0.000500, 0.000000, 0.000000
-40.300000, 883.454410, 272.178066, 0.000500, 0.000000, 0.000000
-40.200000, 893.521852, 272.178208, 0.000500, 0.000000, 0.000000
-40.100000, 908.554579, 272.178351, 0.000500, 0.000000, 0.000000
-40.000000, 898.590054, 272.178493, 0.000500, 0.000000, 0.000000
-39.900000, 883.683466, 272.178636, 0.000500, 0.000000, 0.000000
-39.800000, 893.967570, 272.178778, 0.000500, 0.000000, 0.000000
-39.700000, 909.324802, 272.178921, 0.000500, 0.000000, 0.000000
-39.600000, 899.143987, 272.179063, 0.000500, 0.000000, 0.000000
-39.500000, 883.912748, 272.179205, 0.000500, 0.000000, 0.000000
-39.400000, 883.969702, 272.179348, 0.000500, 0.000000, 0.000000
-39.300000, 884.026403, 272.179490, 0.000500, 0.000000, 0.000000
-39.200000, 884.082796, 272.179633, 0.000500, 0.000000, 0.000000
-39.100000, 883.432459, 272.179775, 0.000500, 0.000000, 0.000000
-39.000000, 882.389650, 272.179918, 0.000500, 0.000000, 0.000000
-38.900000, 884.764670, 272.180060, 0.000500, 0.000000, 0.000000
-38.800000, 887.139689, 272.180203, 0.000500, 0.000000, 0.000000
-38.700000, 879.351236, 272.180345, 0.000500, 0.000000, 0.000000
-38.600000, 871.562784, 272.180488, 0.000500, 0.000000, 0.000000
-38.500000, 878.020166, 272.180630, 0.000500, 0.000000, 0.000000
-38.400000, 884.516461, 272.180773, 0.000500, 0.000000, 0.000000
-38.300000, 884.567681, 272.180915, 0.000500, 0.000000, 0.000000
-38.200000, 884.618058, 272.181058, 0.000500, 0.000000, 0.000000
-38.100000, 884.667539, 272.181200, 0.000500, 0.000000, 0.000000
-38.000000, 884.716071, 272.181342, 0.000500, 0.000000, 0.000000
-37.900000, 884.763599, 272.181485, 0.000500, 0.000000, 0.000000
-37.800000, 884.810071, 272.181627, 0.000500, 0.000000, 0.000000
-37.700000, 884.855432, 272.181770, 0.000500, 0.000000, 0.000000
-37.600000, 884.899630, 272.181912, 0.000500, 0.000000, 0.000000
-37.500000, 884.942610, 272.182055, 0.000500, 0.000000, 0.000000
-37.400000, 884.984319, 272.182197, 0.000500, 0.000000, 0.000000
-37.300000, 885.024704, 272.182340, 0.000500, 0.000000, 0.000000
-37.200000, 885.725773, 272.182482, 0.000500, 0.000000, 0.000000
-37.100000, 891.701482, 272.182625, 0.000500, 0.000067, 0.000000
-37.000000, 891.701482, 272.182767, 0.000500, 0.000922, 0.000000
-36.900000, 891.701482, 272.182910, 0.000500, 0.000922, 0.000000
-36.800000, 889.304555, 272.183052, 0.000500, 0.001063, 0.000000
-36.700000, 888.705323, 272.183195, 0.000500, 0.001092, 0.000000
-36.600000, 885.956033, 272.183337, 0.000500, 0.001325, 0.000000
-36.500000, 885.293681, 272.183479, 0.000500, 0.001491, 0.000000
-36.400000, 885.319737, 272.183622, 0.000500, 0.001537, 0.000000
-36.300000, 885.343933, 272.183764, 0.000500, 0.001631, 0.000000
-36.200000, 885.366216, 272.183907, 0.000500, 0.001630, 0.000000
-36.100000, 885.386532, 272.184049, 0.000500, 0.001625, 0.000000
-36.000000, 885.404827, 272.184192, 0.000500, 0.001625, 0.000000
-35.900000, 885.421049, 272.184334, 0.000500, 0.001922, 0.000000
-35.800000, 861.584554, 272.184477, 0.000500, 0.001991, 0.000000
-35.700000, 870.536494, 272.184619, 0.000500, 0.002610, 0.000000
-35.600000, 885.456735, 272.184762, 0.000500, 0.003129, 0.000000
-35.500000, 885.464125, 272.184904, 0.000500, 0.002750, 0.000000
-35.400000, 885.469174, 272.185047, 0.000500, 0.001615, 0.000000
-35.300000, 885.471827, 272.185189, 0.000500, 0.001615, 0.000000
-35.200000, 885.472032, 272.185332, 0.000500, 0.001615, 0.000000
-35.100000, 885.469735, 272.185474, 0.000500, 0.001614, 0.000000
-35.000000, 885.464881, 272.185616, 0.000500, 0.001615, 0.000000
-34.900000, 885.457419, 272.185759, 0.000500, 0.001615, 0.000000
-34.800000, 885.447293, 272.185901, 0.000500, 0.002260, 0.000000
-34.700000, 847.738772, 272.186044, 0.000500, 0.002972, 0.000000
-34.600000, 842.844610, 272.186186, 0.000500, 0.003621, 0.000000
-34.500000, 840.747112, 272.186329, 0.000500, 0.006472, 0.000000
-34.400000, 872.849947, 272.186471, 0.000500, 0.006472, 0.000000
-34.300000, 894.251836, 272.186614, 0.000500, 0.002456, 0.000000
-34.200000, 888.001889, 272.186756, 0.000500, 0.001514, 0.000000
-34.100000, 885.297356, 272.186899, 0.000500, 0.001298, 0.000000
-34.000000, 900.498399, 272.187041, 0.000500, 0.001125, 0.000000
-33.900000, 907.022222, 272.187184, 0.000500, 0.000780, 0.000000
-33.800000, 891.733811, 272.187326, 0.000500, 0.000000, 0.000000
-33.700000, 885.144848, 272.187468, 0.000500, 0.000064, 0.000000
-33.600000, 901.289386, 272.187611, 0.000500, 0.000757, 0.000000
-33.500000, 908.221143, 272.187753, 0.000500, 0.000757, 0.000000
-33.400000, 894.865267, 272.187896, 0.000500, 0.000335, 0.000000
-33.300000, 874.831454, 272.188038, 0.000500, 0.000258, 0.000000
-33.200000, 875.210169, 272.188181, 0.000500, 0.001800, 0.000000
-33.100000, 875.778241, 272.188323, 0.000500, 0.002751, 0.000000
-33.000000, 881.458965, 272.188466, 0.000500, 0.002440, 0.000000
-32.900000, 889.980051, 272.188608, 0.000500, 0.001819, 0.000000
-32.800000, 893.009770, 272.188751, 0.000500, 0.001726, 0.000000
-32.700000, 897.554349, 272.188893, 0.000500, 0.000507, 0.000000
-32.600000, 900.642332, 272.189036, 0.000500, 0.000507, 0.000000
-32.500000, 905.274307, 272.189178, 0.000500, 0.000082, 0.000000
-32.400000, 905.274307, 272.189321, 0.000500, 0.000000, 0.000000
-32.300000, 895.628075, 272.189463, 0.000500, 0.000130, 0.000000
-32.200000, 893.216517, 272.189605, 0.000500, 0.000211, 0.000000
-32.100000, 869.138722, 272.189748, 0.000500, 0.001341, 0.000000
-32.000000, 863.119273, 272.189890, 0.000500, 0.003114, 0.000000
-31.900000, 897.638782, 272.190033, 0.000500, 0.002816, 0.000000
-31.800000, 906.268659, 272.190175, 0.000500, 0.000000, 0.000000
-31.700000, 888.060445, 272.190318, 0.000500, 0.000000, 0.000000
-31.600000, 883.396881, 272.190460, 0.000500, 0.001506, 0.000000
-31.500000, 883.268844, 272.190603, 0.000500, 0.001723, 0.000000
-31.400000, 883.136324, 272.190745, 0.000500, 0.002565, 0.000000
-31.300000, 837.771635, 272.190888, 0.000500, 0.003095, 0.000000
-31.200000, 826.450838, 272.191030, 0.000500, 0.004383, 0.000000
-31.100000, 843.313346, 272.191173, 0.000500, 0.007114, 0.000000
-31.000000, 882.560339, 272.191315, 0.000500, 0.007114, 0.000000
-30.900000, 882.404600, 272.191458, 0.000500, 0.002320, 0.000000
-30.800000, 882.244055, 272.191600, 0.000500, 0.001950, 0.000000
-30.700000, 875.671956, 272.191742, 0.000500, 0.002555, 0.000000
-30.600000, 860.664134, 272.191885, 0.000500, 0.002864, 0.000000
-30.500000, 873.687518, 272.192027, 0.000500, 0.002542, 0.000000
-30.400000, 904.075416, 272.192170, 0.000500, 0.002004, 0.000000
-30.300000, 893.408653, 272.192312, 0.000500, 0.002020, 0.000000
-30.200000, 868.519539, 272.192455, 0.000500, 0.002149, 0.000000
-30.100000, 868.519539, 272.192597, 0.000500, 0.002149, 0.000000
-30.000000, 878.082090, 272.192740, 0.000500, 0.002424, 0.000000
-29.900000, 900.394711, 272.192882, 0.000500, 0.002477, 0.000000
-29.800000, 894.202277, 272.193025, 0.000500, 0.001561, 0.000000
-29.700000, 879.753264, 272.193167, 0.000500, 0.000838, 0.000000
-29.600000, 879.532460, 272.193310, 0.000500, 0.001300, 0.000000
-29.500000, 879.017250, 272.193452, 0.000500, 0.002292, 0.000000
-29.400000, 879.166774, 272.193595, 0.000500, 0.002295, 0.000000
-29.300000, 879.222947, 272.193737, 0.000500, 0.002357, 0.000000
-29.200000, 863.336808, 272.193879, 0.000500, 0.002357, 0.000000
-29.100000, 839.800324, 272.194022, 0.000500, 0.004713, 0.000000
-29.000000, 856.177021, 272.194164, 0.000500, 0.005422, 0.000000
-28.900000, 879.413490, 272.194307, 0.000500, 0.004514, 0.000000
-28.800000, 867.456297, 272.194449, 0.000500, 0.003255, 0.000000
-28.700000, 865.418648, 272.194592, 0.000500, 0.003452, 0.000000
-28.600000, 847.079807, 272.194734, 0.000500, 0.004860, 0.000000
-28.500000, 849.490250, 272.194877, 0.000500, 0.004860, 0.000000
-28.400000, 871.184238, 272.195019, 0.000500, 0.004264, 0.000000
-28.300000, 871.184238, 272.195162, 0.000500, 0.004103, 0.000000
-28.200000, 871.058298, 272.195304, 0.000500, 0.003684, 0.000000
-28.100000, 871.044305, 272.195447, 0.000500, 0.003213, 0.000000
-28.000000, 875.112811, 272.195589, 0.000500, 0.003129, 0.000000
-27.900000, 875.257660, 272.195732, 0.000500, 0.002731, 0.000000
-27.800000, 877.582802, 272.195874, 0.000500, 0.002731, 0.000000
-27.700000, 877.861173, 272.196016, 0.000500, 0.002727, 0.000000
-27.600000, 858.032362, 272.196159, 0.000500, 0.002726, 0.000000
-27.500000, 828.289145, 272.196301, 0.000500, 0.005462, 0.000000
-27.400000, 822.609206, 272.196444, 0.000500, 0.007237, 0.000000
-27.300000, 814.089299, 272.196586, 0.000500, 0.007654, 0.000000
-27.200000, 819.523030, 272.196729, 0.000500, 0.009209, 0.000000
-27.100000, 827.673626, 272.196871, 0.000500, 0.009209, 0.000000
-27.000000, 855.665480, 272.197014, 0.000500, 0.006057, 0.000000
-26.900000, 897.653260, 272.197156, 0.000500, 0.005084, 0.000000
-26.800000, 890.039397, 272.197299, 0.000500, 0.003478, 0.000000
-26.700000, 878.618603, 272.197441, 0.000500, 0.001289, 0.000000
-26.600000, 873.527804, 272.197584, 0.000500, 0.001648, 0.000000
-26.500000, 865.891605, 272.197726, 0.000500, 0.003371, 0.000000
-26.400000, 869.864187, 272.197868, 0.000500, 0.003371, 0.000000
-26.300000, 875.823060, 272.198011, 0.000500, 0.003343, 0.000000
-26.200000, 849.965184, 272.198153, 0.000500, 0.003338, 0.000000
-26.100000, 811.178372, 272.198296, 0.000500, 0.005726, 0.000000
-26.000000, 844.592618, 272.198438, 0.000500, 0.007496, 0.000000
-25.900000, 894.713987, 272.198581, 0.000500, 0.006402, 0.000000
-25.800000, 883.534784, 272.198723, 0.000500, 0.001155, 0.000000
-25.700000, 866.431325, 272.198866, 0.000500, 0.001155, 0.000000
-25.600000, 872.950862, 272.199008, 0.000500, 0.003023, 0.000000
-25.500000, 883.309934, 272.199151, 0.000500, 0.003175, 0.000000
-25.400000, 875.907878, 272.199293, 0.000500, 0.002872, 0.000000
-25.300000, 864.448636, 272.199436, 0.000500, 0.002695, 0.000000
-25.200000, 863.933591, 272.199578, 0.000500, 0.003154, 0.000000
-25.100000, 863.410690, 272.199721, 0.000500, 0.004020, 0.000000
-25.000000, 862.879879, 272.199863, 0.000500, 0.004025, 0.000000
-24.900000, 862.341104, 272.200005, 0.000500, 0.004161, 0.000000
-24.800000, 861.794313, 272.200148, 0.000500, 0.004161, 0.000000
-24.700000, 861.239451, 272.200290, 0.000500, 0.004284, 0.000000
-24.600000, 860.676465, 272.200433, 0.000500, 0.004333, 0.000000
-24.500000, 844.791080, 272.200575, 0.000500, 0.004889, 0.000000
-24.400000, 844.791080, 272.200718, 0.000500, 0.005755, 0.000000
-24.300000, 853.344603, 272.200860, 0.000500, 0.005724, 0.000000
-24.200000, 859.046952, 272.201003, 0.000500, 0.004849, 0.000000
-24.100000, 859.046952, 272.201145, 0.000500, 0.004849, 0.000000
-24.000000, 884.777931, 272.201288, 0.000500, 0.003028, 0.000000
-23.900000, 901.931917, 272.201430, 0.000500, 0.002241, 0.000000
-23.800000, 873.654134, 272.201573, 0.000500, 0.002487, 0.000000
-23.700000, 854.802278, 272.201715, 0.000500, 0.002819, 0.000000
-23.600000, 854.595571, 272.201858, 0.000500, 0.003137, 0.000000
-23.500000, 853.932128, 272.202000, 0.000500, 0.005102, 0.000000
-23.400000, 842.624816, 272.204200, 0.000500, 0.005102, 0.000000
-23.300000, 835.395956, 272.206400, 0.000500, 0.006414, 0.000000
-23.200000, 842.583156, 272.208600, 0.000500, 0.006746, 0.000000
-23.100000, 847.374623, 272.210800, 0.000500, 0.007633, 0.000000
-23.000000, 782.418316, 272.213000, 0.000500, 0.008881, 0.000000
-22.900000, 841.086166, 272.213800, 0.000500, 0.008881, 0.000000
-22.800000, 884.788474, 272.214600, 0.000500, 0.003613, 0.000000
-22.700000, 882.857321, 272.215400, 0.000500, 0.003488, 0.000000
-22.600000, 875.132711, 272.216200, 0.000500, 0.002941, 0.000000
-22.500000, 869.422509, 272.217000, 0.000500, 0.002677, 0.000000
-22.400000, 846.127053, 272.217200, 0.000500, 0.003855, 0.000000
-22.300000, 841.582541, 272.217400, 0.000500, 0.005684, 0.000000
-22.200000, 826.154850, 272.217600, 0.000500, 0.005798, 0.000000
-22.100000, 820.973217, 272.217800, 0.000500, 0.008843, 0.000000
-22.000000, 800.246682, 272.218000, 0.000500, 0.008843, 0.000000
-21.900000, 800.246682, 272.219000, 0.000500, 0.009422, 0.000000
-21.800000, 840.070723, 272.220000, 0.000500, 0.009810, 0.000000
-21.700000, 844.495616, 272.221000, 0.000500, 0.009138, 0.000000
-21.600000, 868.742203, 272.222000, 0.000500, 0.004836, 0.000000
-21.500000, 871.436268, 272.223000, 0.000500, 0.004836, 0.000000
-21.400000, 843.563820, 272.222400, 0.000500, 0.004548, 0.000000
-21.300000, 879.302996, 272.221800, 0.000500, 0.004476, 0.000000
-21.200000, 905.193739, 272.221200, 0.000500, 0.003537, 0.000000
-21.100000, 841.166355, 272.220600, 0.000500, 0.002497, 0.000000
-21.000000, 798.481432, 272.220000, 0.000500, 0.004197, 0.000000
-20.900000, 800.112844, 272.226200, 0.000500, 0.011185, 0.000000
-20.800000, 801.200452, 272.232400, 0.000500, 0.011185, 0.000000
-20.700000, 819.670120, 272.238600, 0.000500, 0.009484, 0.000000
-20.600000, 847.374623, 272.244800, 0.000500, 0.008734, 0.000000
-20.500000, 850.361685, 272.251000, 0.000500, 0.007835, 0.000000
-20.400000, 854.842279, 272.243400, 0.000500, 0.005272, 0.000000
-20.300000, 845.127118, 272.235800, 0.000500, 0.005272, 0.000000
-20.200000, 822.458408, 272.228200, 0.000500, 0.007445, 0.000000
-20.100000, 818.761966, 272.220600, 0.000500, 0.007649, 0.000000
-20.000000, 813.217302, 272.213000, 0.000500, 0.008394, 0.000000
-19.900000, 823.269192, 272.215000, 0.000500, 0.009114, 0.000000
-19.800000, 838.347025, 272.217000, 0.000500, 0.008978, 0.000000
-19.700000, 836.656055, 272.219000, 0.000500, 0.006980, 0.000000
-19.600000, 834.119601, 272.221000, 0.000500, 0.006980, 0.000000
-19.500000, 861.426730, 272.223000, 0.000500, 0.005062, 0.000000
-19.400000, 902.387423, 272.230200, 0.000500, 0.004138, 0.000000
-19.300000, 897.815041, 272.237400, 0.000500, 0.002855, 0.000000
-19.200000, 887.146148, 272.244600, 0.000500, 0.000546, 0.000000
-19.100000, 858.409820, 272.251800, 0.000500, 0.001377, 0.000000
-19.000000, 814.531405, 272.259000, 0.000500, 0.007288, 0.000000
-18.900000, 813.416852, 272.257800, 0.000500, 0.007288, 0.000000
-18.800000, 812.291071, 272.256600, 0.000500, 0.008723, 0.000000
-18.700000, 826.793196, 272.255400, 0.000500, 0.009262, 0.000000
-18.600000, 849.909050, 272.254200, 0.000500, 0.008578, 0.000000
-18.500000, 827.153898, 272.253000, 0.000500, 0.006805, 0.000000
-18.400000, 793.021170, 272.255000, 0.000500, 0.006805, 0.000000
-18.300000, 795.135893, 272.257000, 0.000500, 0.011115, 0.000000
-18.200000, 800.070247, 272.259000, 0.000500, 0.011625, 0.000000
-18.100000, 801.533369, 272.261000, 0.000500, 0.011354, 0.000000
-18.000000, 802.874138, 272.263000, 0.000500, 0.010913, 0.000000
-17.900000, 823.875528, 272.249800, 0.000500, 0.010913, 0.000000
-17.800000, 856.850839, 272.236600, 0.000500, 0.006703, 0.000000
-17.700000, 856.850839, 272.223400, 0.000500, 0.006162, 0.000000
-17.600000, 834.307704, 272.210200, 0.000500, 0.006617, 0.000000
-17.500000, 824.646360, 272.197000, 0.000500, 0.007040, 0.000000
-17.400000, 805.879791, 272.198800, 0.000500, 0.007558, 0.000000
-17.300000, 801.188149, 272.200600, 0.000500, 0.011079, 0.000000
-17.200000, 776.444450, 272.202400, 0.000500, 0.011079, 0.000000
-17.100000, 770.258525, 272.204200, 0.000500, 0.012335, 0.000000
-17.000000, 800.749228, 272.206000, 0.000500, 0.013073, 0.000000
-16.900000, 846.485283, 272.207200, 0.000500, 0.012509, 0.000000
-16.800000, 853.179323, 272.208400, 0.000500, 0.005413, 0.000000
-16.700000, 868.798748, 272.209600, 0.000500, 0.005413, 0.000000
-16.600000, 857.994809, 272.210800, 0.000500, 0.004878, 0.000000
-16.500000, 841.788900, 272.212000, 0.000500, 0.004674, 0.000000
-16.400000, 820.442918, 272.216200, 0.000500, 0.006709, 0.000000
-16.300000, 788.423946, 272.220400, 0.000500, 0.009842, 0.000000
-16.200000, 786.271858, 272.224600, 0.000500, 0.009842, 0.000000
-16.100000, 766.903070, 272.228800, 0.000500, 0.013916, 0.000000
-16.000000, 761.060119, 272.233000, 0.000500, 0.014225, 0.000000
-15.900000, 708.473558, 272.234600, 0.000500, 0.016272, 0.000000
-15.800000, 709.767084, 272.236200, 0.000500, 0.020260, 0.000000
-15.700000, 710.090466, 272.237800, 0.000500, 0.020260, 0.000000
-15.600000, 708.054291, 272.239400, 0.000500, 0.020856, 0.000000
-15.500000, 707.545248, 272.241000, 0.000500, 0.021338, 0.000000
-15.400000, 700.066162, 272.239800, 0.000500, 0.021338, 0.000000
-15.300000, 699.235152, 272.238600, 0.000500, 0.021076, 0.000000
-15.200000, 735.775828, 272.237400, 0.000500, 0.020978, 0.000000
-15.100000, 739.835903, 272.236200, 0.000500, 0.020978, 0.000000
-15.000000, 708.708661, 272.235000, 0.000500, 0.018352, 0.000000
-14.900000, 773.033075, 272.243800, 0.000500, 0.018114, 0.000000
-14.800000, 802.082931, 272.252600, 0.000500, 0.016892, 0.000000
-14.700000, 780.120631, 272.261400, 0.000500, 0.012111, 0.000000
-14.600000, 770.708216, 272.270200, 0.000500, 0.012111, 0.000000
-14.500000, 683.208716, 272.279000, 0.000500, 0.019712, 0.000000
-14.400000, 645.708930, 272.262600, 0.000500, 0.023362, 0.000000
-14.300000, 621.298640, 272.246200, 0.000500, 0.023362, 0.000000
-14.200000, 610.837087, 272.229800, 0.000500, 0.027795, 0.000000
-14.100000, 662.935598, 272.213400, 0.000500, 0.029070, 0.000000
-14.000000, 705.798323, 272.197000, 0.000500, 0.029070, 0.000000
-13.900000, 736.600510, 272.204200, 0.000500, 0.023312, 0.000000
-13.800000, 710.090466, 272.211400, 0.000500, 0.020133, 0.000000
-13.700000, 670.325400, 272.218600, 0.000500, 0.020133, 0.000000
-13.600000, 677.763012, 272.225800, 0.000500, 0.023923, 0.000000
-13.500000, 688.919431, 272.233000, 0.000500, 0.024527, 0.000000
-13.400000, 677.277637, 272.225800, 0.000500, 0.024527, 0.000000
-13.300000, 659.814948, 272.218600, 0.000500, 0.026233, 0.000000
-13.200000, 652.874090, 272.211400, 0.000500, 0.026384, 0.000000
-13.100000, 642.462802, 272.204200, 0.000500, 0.026384, 0.000000
-13.000000, 816.811805, 272.197000, 0.000500, 0.017448, 0.000000
-12.900000, 816.811805, 272.208400, 0.000500, 0.016463, 0.000000
-12.800000, 717.014968, 272.219800, 0.000500, 0.017207, 0.000000
-12.700000, 717.014968, 272.231200, 0.000500, 0.019548, 0.000000
-12.600000, 766.087663, 272.242600, 0.000500, 0.019548, 0.000000
-12.500000, 766.087663, 272.254000, 0.000500, 0.016695, 0.000000
-12.400000, 796.430889, 272.250600, 0.000500, 0.013598, 0.000000
-12.300000, 796.430889, 272.247200, 0.000500, 0.013598, 0.000000
-12.200000, 719.534564, 272.243800, 0.000500, 0.016680, 0.000000
-12.100000, 700.310482, 272.240400, 0.000500, 0.016993, 0.000000
-12.000000, 745.686788, 272.237000, 0.000500, 0.016371, 0.000000
-11.900000, 791.063093, 272.224600, 0.000500, 0.014303, 0.000000
-11.800000, 791.063093, 272.212200, 0.000500, 0.014303, 0.000000
-11.700000, 803.236838, 272.199800, 0.000500, 0.005168, 0.000000
-11.600000, 739.337537, 272.187400, 0.000500, 0.000000, 0.000000
-11.500000, 694.709045, 272.175000, 0.000500, 0.000000, 0.000000
-11.400000, 730.285593, 272.160900, 0.000500, 0.000000, 0.000000
-11.300000, 754.003291, 272.146800, 0.000500, 0.000000, 0.000000
-11.200000, 754.003291, 272.132700, 0.000500, 0.000000, 0.000000
-11.100000, 709.741389, 272.118600, 0.000500, 0.000000, 0.000000
-11.000000, 709.741389, 272.104500, 0.000500, 0.000000, 0.000000
-10.900000, 653.191142, 272.079800, 0.000500, 0.000000, 0.000000
-10.800000, 707.880242, 272.055100, 0.000500, 0.000000, 0.000000
-10.700000, 721.552516, 272.030400, 0.000500, 0.000000, 0.000000
-10.600000, 755.912160, 272.005700, 0.000500, 0.000000, 0.000000
-10.500000, 764.502071, 271.981000, 0.000500, 0.000000, 0.000000
-10.400000, 763.193132, 271.965000, 0.000500, 0.000000, 0.000000
-10.300000, 762.865898, 271.949000, 0.000500, 0.000000, 0.000000
-10.200000, 688.097881, 271.933000, 0.000500, 0.000000, 0.000000
-10.100000, 656.054446, 271.917000, 0.000500, 0.000000, 0.000000
-10.000000, 699.648244, 271.901000, 0.000500, 0.000000, 0.000000
-9.900000, 718.331300, 271.857000, 0.000500, 0.000000, 0.000000
-9.800000, 658.201924, 271.813000, 0.000500, 0.000000, 0.000000
-9.700000, 632.432191, 271.769000, 0.000500, 0.000000, 0.000000
-9.600000, 694.822491, 271.725000, 0.000500, 0.000000, 0.000000
-9.500000, 721.561192, 271.681000, 0.000500, 0.000000, 0.000000
-9.400000, 721.561192, 271.663200, 0.000500, 0.000000, 0.000000
-9.300000, 604.302835, 271.645400, 0.000500, 0.000000, 0.000000
-9.200000, 554.049254, 271.627600, 0.000500, 0.000000, 0.000000
-9.100000, 557.764593, 271.609800, 0.000500, 0.000000, 0.000000
-9.000000, 559.356881, 271.592000, 0.000500, 0.000000, 0.000000
-8.900000, 571.937946, 271.549200, 0.000500, 0.000000, 0.000000
-8.800000, 601.293764, 271.506400, 0.000500, 0.000000, 0.000000
-8.700000, 594.314461, 271.463600, 0.000500, 0.000000, 0.000000
-8.600000, 578.029422, 271.420800, 0.000500, 0.000000, 0.000000
-8.500000, 577.671509, 271.378000, 0.000500, 0.000000, 0.000000
-8.400000, 577.671509, 271.330300, 0.000500, 0.000000, 0.000000
-8.300000, 601.790851, 271.282600, 0.000500, 0.000000, 0.000000
-8.200000, 601.790851, 271.234900, 0.000500, 0.000000, 0.000000
-8.100000, 581.738102, 271.187200, 0.000500, 0.000000, 0.000000
-8.000000, 560.111083, 271.139500, 0.000500, 0.000000, 0.000000
-7.900000, 560.111083, 271.102200, 0.000500, 0.000000, 0.000000
-7.800000, 560.111083, 271.064900, 0.000500, 0.000000, 0.000000
-7.700000, 508.381392, 271.027600, 0.000500, 0.000000, 0.000000
-7.600000, 456.651700, 270.990300, 0.000500, 0.000000, 0.000000
-7.500000, 463.909008, 270.953000, 0.000500, 0.000000, 0.000000
-7.400000, 529.224785, 270.900000, 0.000500, 0.000000, 0.000000
-7.300000, 529.224785, 270.847000, 0.000500, 0.000000, 0.000000
-7.200000, 559.127948, 270.794000, 0.000500, 0.000000, 0.000000
-7.100000, 566.603739, 270.741000, 0.000500, 0.000000, 0.000000
-7.000000, 566.603739, 270.688000, 0.000500, 0.000000, 0.000000
-6.900000, 566.603739, 270.628400, 0.000500, 0.000000, 0.000000
-6.800000, 572.880465, 270.568800, 0.000500, 0.000000, 0.000000
-6.700000, 573.577879, 270.509200, 0.000500, 0.000000, 0.000000
-6.600000, 573.577879, 270.449600, 0.000500, 0.000000, 0.000000
-6.500000, 573.577879, 270.390000, 0.000500, 0.000000, 0.000000
-6.400000, 573.577879, 270.311200, 0.000500, 0.000000, 0.000000
-6.300000, 508.614113, 270.232400, 0.000500, 0.000000, 0.000000
-6.200000, 411.168463, 270.153600, 0.000500, 0.000000, 0.000000
-6.100000, 411.168463, 270.074800, 0.000500, 0.000000, 0.000000
-6.000000, 568.222607, 269.996000, 0.000500, 0.000000, 0.000000
-5.900000, 568.222607, 269.926200, 0.000500, 0.000000, 0.000000
-5.800000, 568.222607, 269.856400, 0.000500, 0.000000, 0.000000
-5.700000, 568.222607, 269.786600, 0.000500, 0.000000, 0.000000
-5.600000, 568.222607, 269.716800, 0.000500, 0.000000, 0.000000
-5.500000, 568.222607, 269.647000, 0.000500, 0.000000, 0.000000
-5.400000, 534.797748, 269.552900, 0.000500, 0.000000, 0.000000
-5.300000, 512.514508, 269.458800, 0.000500, 0.000000, 0.000000
-5.200000, 547.769776, 269.364700, 0.000500, 0.000000, 0.000000
-5.100000, 551.687028, 269.270600, 0.000500, 0.000000, 0.000000
-5.000000, 550.626634, 269.176500, 0.000500, 0.000000, 0.000000
-4.900000, 541.083083, 269.084600, 0.000500, 0.000000, 0.000000
-4.800000, 541.083083, 268.992700, 0.000500, 0.000000, 0.000000
-4.700000, 541.083083, 268.900800, 0.000500, 0.000000, 0.000000
-4.600000, 541.083083, 268.808900, 0.000500, 0.000000, 0.000000
-4.500000, 541.083083, 268.717000, 0.000500, 0.000000, 0.000000
-4.400000, 598.150775, 268.612900, 0.000500, 0.000000, 0.000000
-4.300000, 612.417698, 268.508800, 0.000500, 0.000000, 0.000000
-4.200000, 612.417698, 268.404700, 0.000500, 0.000000, 0.000000
-4.100000, 612.417698, 268.300600, 0.000500, 0.000000, 0.000000
-4.000000, 625.261526, 268.196500, 0.000500, 0.000000, 0.000000
-3.900000, 519.409605, 268.073000, 0.000500, 0.000000, 0.000000
-3.800000, 519.409605, 267.949500, 0.000500, 0.000000, 0.000000
-3.700000, 519.409605, 267.826000, 0.000500, 0.000000, 0.000000
-3.600000, 519.409605, 267.702500, 0.000500, 0.000000, 0.000000
-3.500000, 519.409605, 267.579000, 0.000500, 0.000000, 0.000000
-3.400000, 498.604899, 267.459500, 0.000500, 0.000000, 0.000000
-3.300000, 477.800194, 267.340000, 0.000500, 0.000000, 0.000000
-3.200000, 477.800194, 267.220500, 0.000500, 0.000000, 0.000000
-3.100000, 344.022838, 267.101000, 0.000500, 0.000000, 0.000000
-3.000000, 447.342701, 266.981500, 0.000500, 0.000000, 0.000000
-2.900000, 526.132043, 266.870400, 0.000500, 0.000000, 0.000000
-2.800000, 526.132043, 266.759300, 0.000500, 0.000000, 0.000000
-2.700000, 539.460722, 266.648200, 0.000500, 0.000000, 0.000000
-2.600000, 505.960617, 266.537100, 0.000500, 0.000000, 0.000000
-2.500000, 409.060084, 266.426000, 0.000500, 0.000000, 0.000000
-2.400000, 409.060084, 266.318400, 0.000500, 0.000000, 0.000000
-2.300000, 457.205749, 266.210800, 0.000500, 0.000000, 0.000000
-2.200000, 477.839605, 266.103200, 0.000500, 0.000000, 0.000000
-2.100000, 477.839605, 265.995600, 0.000500, 0.000000, 0.000000
-2.000000, 477.839605, 265.888000, 0.000500, 0.000000, 0.000000
-1.900000, 477.839605, 265.762200, 0.000500, 0.000000, 0.000000
-1.800000, 456.610434, 265.636400, 0.000500, 0.000000, 0.000000
-1.700000, 379.828545, 265.510600, 0.000500, 0.000000, 0.000000
-1.600000, 379.828545, 265.384800, 0.000500, 0.000000, 0.000000
-1.500000, 368.454252, 265.259000, 0.000500, 0.000000, 0.000000
-1.400000, 363.579555, 265.141000, 0.000500, 0.000000, 0.000000
-1.300000, 363.579555, 265.023000, 0.000500, 0.000000, 0.000000
-1.200000, 373.262885, 264.905000, 0.000500, 0.000000, 0.000000
-1.100000, 395.857320, 264.787000, 0.000500, 0.000000, 0.000000
-1.000000, 491.658986, 264.669000, 0.000500, 0.000000, 0.000000
-0.900000, 319.201075, 264.591000, 0.000500, 0.000000, 0.000000
-0.800000, 324.353415, 264.513000, 0.000500, 0.000000, 0.000000
-0.700000, 348.087504, 264.435000, 0.000500, 0.000000, 0.000000
-0.600000, 337.421547, 264.357000, 0.000500, 0.000000, 0.000000
-0.500000, 302.858191, 264.279000, 0.000500, 0.000000, 0.000000
-0.400000, 249.619885, 262.924172, 0.000500, 0.000000, 0.000000
-0.300000, 235.573874, 261.569344, 0.000500, 0.000000, 0.000000
-0.200000, 263.453761, 260.214516, 0.000500, 0.000000, 0.000000
-0.100000, 319.392573, 258.859687, 0.000500, 0.000000, 0.000000
