-60.000000, 846.134467, 262.150000, 0.002000, 0.000000, 0.000000
-59.900000, 846.134467, 262.148201, 0.002000, 0.000000, 0.000000
-59.800000, 852.769844, 262.146401, 0.002000, 0.000000, 0.000000
-59.700000, 868.252389, 262.144602, 0.002000, 0.000000, 0.000000
-59.600000, 868.252389, 262.142803, 0.002000, 0.000000, 0.000000
-59.500000, 868.252389, 262.141004, 0.002000, 0.000000, 0.000000
-59.400000, 868.252389, 262.139204, 0.002000, 0.000000, 0.000000
-59.300000, 868.252389, 262.137405, 0.002000, 0.000000, 0.000000
-59.200000, 868.252389, 262.135606, 0.002000, 0.000000, 0.000000
-59.100000, 836.242574, 262.133806, 0.002000, 0.000000, 0.000000
-59.000000, 836.242574, 262.132007, 0.002000, 0.000000, 0.000000
-58.900000, 836.242574, 262.130208, 0.002000, 0.000000, 0.000000
-58.800000, 841.403108, 262.128409, 0.002000, 0.000000, 0.000000
-58.700000, 853.444353, 262.126609, 0.002000, 0.000000, 0.000000
-58.600000, 853.444353, 262.124810, 0.002000, 0.000000, 0.000000
-58.500000, 828.986758, 262.123011, 0.002000, 0.000000, 0.000000
-58.400000, 822.872359, 262.121212, 0.002000, 0.000000, 0.000000
-58.300000, 822.872359, 262.119412, 0.002000, 0.000000, 0.000000
-58.200000, 828.015312, 262.117613, 0.002000, 0.000000, 0.000000
-58.100000, 828.586751, 262.115814, 0.002000, 0.000000, 0.000000
-58.000000, 828.586751, 262.114014, 0.002000, 0.000000, 0.000000
-57.900000, 837.925907, 262.112215, 0.002000, 0.000000, 0.000000
-57.800000, 841.928402, 262.110416, 0.002000, 0.000000, 0.000000
-57.700000, 841.928402, 262.108617, 0.002000, 0.000000, 0.000000
-57.600000, 841.928402, 262.106817, 0.002000, 0.000000, 0.000000
-57.500000, 841.928402, 262.105018, 0.002000, 0.000000, 0.000000
-57.400000, 841.928402, 262.103219, 0.002000, 0.000000, 0.000000
-57.300000, 863.156753, 262.101419, 0.002000, 0.000000, 0.000000
-57.200000, 868.463841, 262.099620, 0.002000, 0.000000, 0.000000
-57.100000, 868.463841, 262.097821, 0.002000, 0.000000, 0.000000
-57.000000, 868.463841, 262.096022, 0.002000, 0.000000, 0.000000
-56.900000, 886.296697, 262.094222, 0.002000, 0.000000, 0.000000
-56.800000, 888.278126, 262.092423, 0.002000, 0.000000, 0.000000
-56.700000, 888.278126, 262.090624, 0.002000, 0.000000, 0.000000
-56.600000, 888.278126, 262.088825, 0.002000, 0.000000, 0.000000
-56.500000, 888.278126, 262.087025, 0.002000, 0.000000, 0.000000
-56.400000, 836.461902, 262.085226, 0.002000, 0.000000, 0.000000
-56.300000, 830.704544, 262.083427, 0.002000, 0.000000, 0.000000
-56.200000, 830.704544, 262.081627, 0.002000, 0.000000, 0.000000
-56.100000, 856.785154, 262.079828, 0.002000, 0.000000, 0.000000
-56.000000, 863.305306, 262.078029, 0.002000, 0.000000, 0.000000
-55.900000, 863.305306, 262.076230, 0.002000, 0.000000, 0.000000
-55.800000, 863.305306, 262.074430, 0.002000, 0.000000, 0.000000
-55.700000, 863.305306, 262.072631, 0.002000, 0.000000, 0.000000
-55.600000, 845.744975, 262.070832, 0.002000, 0.000000, 0.000000
-55.500000, 828.184644, 262.069032, 0.002000, 0.000000, 0.000000
-55.400000, 828.184644, 262.067233, 0.002000, 0.000000, 0.000000
-55.300000, 828.184644, 262.065434, 0.002000, 0.000000, 0.000000
-55.200000, 828.184644, 262.063635, 0.002000, 0.000000, 0.000000
-55.100000, 816.393706, 262.061835, 0.002000, 0.000000, 0.000000
-55.000000, 811.340447, 262.060036, 0.002000, 0.000000, 0.000000
-54.900000, 811.340447, 262.058237, 0.002000, 0.000000, 0.000000
-54.800000, 811.340447, 262.056438, 0.002000, 0.000000, 0.000000
-54.700000, 811.340447, 262.054638, 0.002000, 0.000000, 0.000000
-54.600000, 812.185610, 262.052839, 0.002000, 0.000000, 0.000000
-54.500000, 813.030774, 262.051040, 0.002000, 0.000000, 0.000000
-54.400000, 813.030774, 262.049240, 0.002000, 0.000000, 0.000000
-54.300000, 813.030774, 262.047441, 0.002000, 0.000000, 0.000000
-54.200000, 813.030774, 262.045642, 0.002000, 0.000000, 0.000000
-54.100000, 813.030774, 262.043843, 0.002000, 0.000000, 0.000000
-54.000000, 837.496740, 262.042043, 0.002000, 0.000000, 0.000000
-53.900000, 837.496740, 262.040244, 0.002000, 0.000000, 0.000000
-53.800000, 837.496740, 262.038445, 0.002000, 0.000000, 0.000000
-53.700000, 837.496740, 262.036645, 0.002000, 0.000000, 0.000000
-53.600000, 837.496740, 262.034846, 0.002000, 0.000000, 0.000000
-53.500000, 859.291246, 262.033047, 0.002000, 0.000000, 0.000000
-53.400000, 864.739873, 262.031248, 0.002000, 0.000000, 0.000000
-53.300000, 858.617820, 262.029448, 0.002000, 0.000000, 0.000000
-53.200000, 803.519351, 262.027649, 0.002000, 0.000000, 0.000000
-53.100000, 803.519351, 262.025850, 0.002000, 0.000000, 0.000000
-53.000000, 805.504080, 262.024051, 0.002000, 0.000000, 0.000000
-52.900000, 808.481175, 262.022251, 0.002000, 0.000000, 0.000000
-52.800000, 808.481175, 262.020452, 0.002000, 0.000000, 0.000000
-52.700000, 793.218010, 262.018653, 0.002000, 0.000000, 0.000000
-52.600000, 757.603959, 262.016853, 0.002000, 0.000000, 0.000000
-52.500000, 770.666096, 262.015054, 0.002000, 0.000000, 0.000000
-52.400000, 783.728234, 262.013255, 0.002000, 0.000000, 0.000000
-52.300000, 783.728234, 262.011456, 0.002000, 0.000000, 0.000000
-52.200000, 801.864094, 262.009656, 0.002000, 0.000000, 0.000000
-52.100000, 813.954667, 262.007857, 0.002000, 0.000000, 0.000000
-52.000000, 861.806579, 262.006058, 0.002000, 0.000000, 0.000000
-51.900000, 867.123458, 262.004258, 0.002000, 0.000000, 0.000000
-51.800000, 867.123458, 262.002459, 0.002000, 0.000000, 0.000000
-51.700000, 838.268991, 262.000660, 0.002000, 0.000000, 0.000000
-51.600000, 831.113290, 261.998861, 0.002000, 0.000000, 0.000000
-51.500000, 831.113290, 261.997061, 0.002000, 0.000000, 0.000000
-51.400000, 831.113290, 261.995262, 0.002000, 0.000000, 0.000000
-51.300000, 831.113290, 261.993463, 0.002000, 0.000000, 0.000000
-51.200000, 823.342872, 261.991663, 0.002000, 0.000000, 0.000000
-51.100000, 818.162593, 261.989864, 0.002000, 0.000000, 0.000000
-51.000000, 818.162593, 261.988065, 0.002000, 0.000000, 0.000000
-50.900000, 818.162593, 261.986266, 0.002000, 0.000000, 0.000000
-50.800000, 818.162593, 261.984466, 0.002000, 0.000000, 0.000000
-50.700000, 820.042815, 261.982667, 0.002000, 0.000000, 0.000000
-50.600000, 824.430000, 261.980868, 0.002000, 0.000000, 0.000000
-50.500000, 824.430000, 261.979069, 0.002000, 0.000000, 0.000000
-50.400000, 824.430000, 261.977269, 0.002000, 0.000000, 0.000000
-50.300000, 824.430000, 261.975470, 0.002000, 0.000000, 0.000000
-50.200000, 824.430000, 261.973671, 0.002000, 0.000000, 0.000000
-50.100000, 830.704544, 261.971871, 0.002000, 0.000000, 0.000000
-50.000000, 830.704544, 261.970072, 0.002000, 0.000000, 0.000000
-49.900000, 830.704544, 261.968273, 0.002000, 0.000000, 0.000000
-49.800000, 830.704544, 261.966474, 0.002000, 0.000000, 0.000000
-49.700000, 836.676207, 261.964674, 0.002000, 0.000000, 0.000000
-49.600000, 838.169123, 261.962875, 0.002000, 0.000000, 0.000000
-49.500000, 838.169123, 261.961076, 0.002000, 0.000000, 0.000000
-49.400000, 838.169123, 261.959276, 0.002000, 0.000000, 0.000000
-49.300000, 798.663062, 261.957477, 0.002000, 0.000000, 0.000000
-49.200000, 794.273500, 261.955678, 0.002000, 0.000000, 0.000000
-49.100000, 794.273500, 261.953879, 0.002000, 0.000000, 0.000000
-49.000000, 794.273500, 261.952079, 0.002000, 0.000000, 0.000000
-48.900000, 794.273500, 261.950280, 0.002000, 0.000000, 0.000000
-48.800000, 791.469357, 261.948481, 0.002000, 0.000000, 0.000000
-48.700000, 788.665214, 261.946682, 0.002000, 0.000000, 0.000000
-48.600000, 788.665214, 261.944882, 0.002000, 0.000000, 0.000000
-48.500000, 785.384367, 261.943083, 0.002000, 0.000000, 0.000000
-48.400000, 772.260978, 261.941284, 0.002000, 0.000000, 0.000000
-48.300000, 772.260978, 261.939484, 0.002000, 0.000000, 0.000000
-48.200000, 774.898428, 261.937685, 0.002000, 0.000000, 0.000000
-48.100000, 777.535878, 261.935886, 0.002000, 0.000000, 0.000000
-48.000000, 777.535878, 261.934087, 0.002000, 0.000000, 0.000000
-47.900000, 777.535878, 261.932287, 0.002000, 0.000000, 0.000000
-47.800000, 777.496845, 261.930488, 0.002000, 0.000000, 0.000000
-47.700000, 777.145549, 261.928689, 0.002000, 0.000000, 0.000000
-47.600000, 777.145549, 261.926889, 0.002000, 0.000000, 0.000000
-47.500000, 777.145549, 261.925090, 0.002000, 0.000000, 0.000000
-47.400000, 777.145549, 261.923291, 0.002000, 0.000000, 0.000000
-47.300000, 772.074784, 261.921492, 0.002000, 0.000000, 0.000000
-47.200000, 760.242997, 261.919692, 0.002000, 0.000000, 0.000000
-47.100000, 760.242997, 261.917893, 0.002000, 0.000000, 0.000000
-47.000000, 753.933098, 261.916094, 0.002000, 0.000000, 0.000000
-46.900000, 747.623198, 261.914295, 0.002000, 0.000000, 0.000000
-46.800000, 747.623198, 261.912495, 0.002000, 0.000000, 0.000000
-46.700000, 770.319775, 261.910696, 0.002000, 0.000000, 0.000000
-46.600000, 785.450827, 261.908897, 0.002000, 0.000000, 0.000000
-46.500000, 785.450827, 261.907097, 0.002000, 0.000000, 0.000000
-46.400000, 785.450827, 261.905298, 0.002000, 0.000000, 0.000000
-46.300000, 785.450827, 261.903499, 0.002000, 0.000000, 0.000000
-46.200000, 776.799635, 261.901700, 0.002000, 0.000000, 0.000000
-46.100000, 785.767014, 261.899900, 0.002000, 0.000000, 0.000000
-46.000000, 815.342088, 261.898101, 0.002000, 0.000000, 0.000000
-45.900000, 815.342088, 261.896302, 0.002000, 0.000000, 0.000000
-45.800000, 815.342088, 261.894502, 0.002000, 0.000000, 0.000000
-45.700000, 815.342088, 261.892703, 0.002000, 0.000000, 0.000000
-45.600000, 815.549184, 261.890904, 0.002000, 0.000000, 0.000000
-45.500000, 816.032406, 261.889105, 0.002000, 0.000000, 0.000000
-45.400000, 816.032406, 261.887305, 0.002000, 0.000000, 0.000000
-45.300000, 816.032406, 261.885506, 0.002000, 0.000000, 0.000000
-45.200000, 792.914533, 261.883707, 0.002000, 0.000000, 0.000000
-45.100000, 774.584923, 261.881908, 0.002000, 0.000000, 0.000000
-45.000000, 763.334647, 261.880108, 0.002000, 0.000000, 0.000000
-44.900000, 767.212507, 261.878309, 0.002000, 0.000000, 0.000000
-44.800000, 767.212507, 261.876510, 0.002000, 0.000000, 0.000000
-44.700000, 767.212507, 261.874710, 0.002000, 0.000000, 0.000000
-44.600000, 767.212507, 261.872911, 0.002000, 0.000000, 0.000000
-44.500000, 767.212507, 261.871112, 0.002000, 0.000000, 0.000000
-44.400000, 759.141031, 261.869313, 0.002000, 0.000000, 0.000000
-44.300000, 759.141031, 261.867513, 0.002000, 0.000000, 0.000000
-44.200000, 772.457937, 261.865714, 0.002000, 0.000000, 0.000000
-44.100000, 785.774842, 261.863915, 0.002000, 0.000000, 0.000000
-44.000000, 785.774842, 261.862115, 0.002000, 0.000000, 0.000000
-43.900000, 771.462623, 261.860316, 0.002000, 0.000000, 0.000000
-43.800000, 767.884568, 261.858517, 0.002000, 0.000000, 0.000000
-43.700000, 767.884568, 261.856718, 0.002000, 0.000000, 0.000000
-43.600000, 767.884568, 261.854918, 0.002000, 0.000000, 0.000000
-43.500000, 767.884568, 261.853119, 0.002000, 0.000000, 0.000000
-43.400000, 775.933673, 261.851320, 0.002000, 0.000000, 0.000000
-43.300000, 774.278846, 261.849521, 0.002000, 0.000000, 0.000000
-43.200000, 769.598249, 261.847721, 0.002000, 0.000000, 0.000000
-43.100000, 769.598249, 261.845922, 0.002000, 0.000000, 0.000000
-43.000000, 770.193917, 261.844123, 0.002000, 0.000000, 0.000000
-42.900000, 770.789585, 261.842323, 0.002000, 0.000000, 0.000000
-42.800000, 770.789585, 261.840524, 0.002000, 0.000000, 0.000000
-42.700000, 770.789585, 261.838725, 0.002000, 0.000000, 0.000000
-42.600000, 756.236876, 261.836926, 0.002000, 0.000000, 0.000000
-42.500000, 750.000000, 261.835126, 0.002000, 0.000000, 0.000000
-42.400000, 750.000000, 261.833327, 0.002000, 0.000000, 0.000000
-42.300000, 750.000000, 261.831528, 0.002000, 0.000000, 0.000000
-42.200000, 750.000000, 261.829728, 0.002000, 0.000000, 0.000000
-42.100000, 750.000000, 261.827929, 0.002000, 0.000000, 0.000000
-42.000000, 750.000000, 261.826130, 0.002000, 0.000000, 0.000000
-41.900000, 750.000000, 261.824331, 0.002000, 0.000000, 0.000000
-41.800000, 746.588639, 261.822531, 0.002000, 0.000000, 0.000000
-41.700000, 732.943194, 261.820732, 0.002000, 0.000000, 0.000000
-41.600000, 619.494328, 261.818933, 0.002000, 0.000000, 0.000000
-41.500000, 619.494328, 261.817133, 0.002000, 0.000000, 0.000000
-41.400000, 625.080967, 261.815334, 0.002000, 0.000000, 0.000000
-41.300000, 675.360715, 261.813535, 0.002000, 0.000000, 0.000000
-41.200000, 675.360715, 261.811736, 0.002000, 0.000000, 0.000000
-41.100000, 675.360715, 261.809936, 0.002000, 0.000000, 0.000000
-41.000000, 675.360715, 261.808137, 0.002000, 0.000000, 0.000000
-40.900000, 675.360715, 261.806338, 0.002000, 0.000000, 0.000000
-40.800000, 716.568553, 261.804539, 0.002000, 0.000000, 0.000000
-40.700000, 757.776391, 261.802739, 0.002000, 0.000000, 0.000000
-40.600000, 757.776391, 261.800940, 0.002000, 0.000000, 0.000000
-40.500000, 757.776391, 261.799141, 0.002000, 0.000000, 0.000000
-40.400000, 751.056178, 261.797341, 0.002000, 0.000000, 0.000000
-40.300000, 724.175329, 261.795542, 0.002000, 0.000000, 0.000000
-40.200000, 724.175329, 261.793743, 0.002000, 0.000000, 0.000000
-40.100000, 692.162945, 261.791944, 0.002000, 0.000000, 0.000000
-40.000000, 680.829976, 261.790144, 0.002000, 0.000000, 0.000000
-39.900000, 763.547637, 261.788345, 0.002000, 0.000000, 0.000000
-39.800000, 763.547637, 261.786546, 0.002000, 0.000000, 0.000000
-39.700000, 763.547637, 261.784746, 0.002000, 0.000000, 0.000000
-39.600000, 763.547637, 261.782947, 0.002000, 0.000000, 0.000000
-39.500000, 768.155252, 261.781148, 0.002000, 0.000000, 0.000000
-39.400000, 770.129944, 261.779349, 0.002000, 0.000000, 0.000000
-39.300000, 770.129944, 261.777549, 0.002000, 0.000000, 0.000000
-39.200000, 770.129944, 261.775750, 0.002000, 0.000000, 0.000000
-39.100000, 796.788288, 261.773951, 0.002000, 0.000000, 0.000000
-39.000000, 793.303537, 261.772152, 0.002000, 0.000000, 0.000000
-38.900000, 694.772206, 261.770352, 0.002000, 0.000000, 0.000000
-38.800000, 721.731216, 261.768553, 0.002000, 0.000000, 0.000000
-38.700000, 733.285078, 261.766754, 0.002000, 0.000000, 0.000000
-38.600000, 738.978821, 261.764954, 0.002000, 0.000000, 0.000000
-38.500000, 742.774649, 261.763155, 0.002000, 0.000000, 0.000000
-38.400000, 742.774649, 261.761356, 0.002000, 0.000000, 0.000000
-38.300000, 742.774649, 261.759557, 0.002000, 0.000000, 0.000000
-38.200000, 763.854447, 261.757757, 0.002000, 0.000000, 0.000000
-38.100000, 795.474144, 261.755958, 0.002000, 0.000000, 0.000000
-38.000000, 795.474144, 261.754159, 0.002000, 0.000000, 0.000000
-37.900000, 795.474144, 261.752359, 0.002000, 0.000000, 0.000000
-37.800000, 810.262503, 261.750560, 0.002000, 0.000000, 0.000000
-37.700000, 789.243568, 261.748761, 0.002000, 0.000000, 0.000000
-37.600000, 736.365369, 261.746962, 0.002000, 0.000000, 0.000000
-37.500000, 736.365369, 261.745162, 0.002000, 0.000000, 0.000000
-37.400000, 736.365369, 261.743363, 0.002000, 0.000000, 0.000000
-37.300000, 736.365369, 261.741564, 0.002000, 0.000000, 0.000000
-37.200000, 737.608720, 261.739765, 0.002000, 0.000000, 0.000000
-37.100000, 748.798883, 261.737965, 0.002000, 0.000000, 0.000000
-37.000000, 748.798883, 261.736166, 0.002000, 0.000000, 0.000000
-36.900000, 748.798883, 261.734367, 0.002000, 0.000000, 0.000000
-36.800000, 748.798883, 261.732567, 0.002000, 0.000000, 0.000000
-36.700000, 747.873221, 261.730768, 0.002000, 0.000000, 0.000000
-36.600000, 745.713345, 261.728969, 0.002000, 0.000000, 0.000000
-36.500000, 745.713345, 261.727170, 0.002000, 0.000000, 0.000000
-36.400000, 745.713345, 261.725370, 0.002000, 0.000000, 0.000000
-36.300000, 712.439173, 261.723571, 0.002000, 0.000000, 0.000000
-36.200000, 704.120630, 261.721772, 0.002000, 0.000000, 0.000000
-36.100000, 704.120630, 261.719972, 0.002000, 0.000000, 0.000000
-36.000000, 704.120630, 261.718173, 0.002000, 0.000000, 0.000000
-35.900000, 704.120630, 261.716374, 0.002000, 0.000000, 0.000000
-35.800000, 700.461191, 261.714575, 0.002000, 0.000000, 0.000000
-35.700000, 698.021566, 261.712775, 0.002000, 0.000000, 0.000000
-35.600000, 698.021566, 261.710976, 0.002000, 0.000000, 0.000000
-35.500000, 698.021566, 261.709177, 0.002000, 0.000000, 0.000000
-35.400000, 698.021566, 261.707378, 0.002000, 0.000000, 0.000000
-35.300000, 698.021566, 261.705578, 0.002000, 0.000000, 0.000000
-35.200000, 698.021566, 261.703779, 0.002000, 0.000000, 0.000000
-35.100000, 723.531976, 261.701980, 0.002000, 0.000000, 0.000000
-35.000000, 723.531976, 261.700180, 0.002000, 0.000000, 0.000000
-34.900000, 744.514119, 261.698381, 0.002000, 0.000000, 0.000000
-34.800000, 793.472451, 261.696582, 0.002000, 0.000000, 0.000000
-34.700000, 793.472451, 261.694783, 0.002000, 0.000000, 0.000000
-34.600000, 793.472451, 261.692983, 0.002000, 0.000000, 0.000000
-34.500000, 793.472451, 261.691184, 0.002000, 0.000000, 0.000000
-34.400000, 793.472451, 261.689385, 0.002000, 0.000000, 0.000000
-34.300000, 734.035706, 261.687585, 0.002000, 0.000000, 0.000000
-34.200000, 674.598962, 261.685786, 0.002000, 0.000000, 0.000000
-34.100000, 674.598962, 261.683987, 0.002000, 0.000000, 0.000000
-34.000000, 674.598962, 261.682188, 0.002000, 0.000000, 0.000000
-33.900000, 674.598962, 261.680388, 0.002000, 0.000000, 0.000000
-33.800000, 674.598962, 261.678589, 0.002000, 0.000000, 0.000000
-33.700000, 674.598962, 261.676790, 0.002000, 0.000000, 0.000000
-33.600000, 731.209340, 261.674990, 0.002000, 0.000000, 0.000000
-33.500000, 737.499382, 261.673191, 0.002000, 0.000000, 0.000000
-33.400000, 737.499382, 261.671392, 0.002000, 0.000000, 0.000000
-33.300000, 737.499382, 261.669593, 0.002000, 0.000000, 0.000000
-33.200000, 737.499382, 261.667793, 0.002000, 0.000000, 0.000000
-33.100000, 733.597435, 261.665994, 0.002000, 0.000000, 0.000000
-33.000000, 717.989646, 261.664195, 0.002000, 0.000000, 0.000000
-32.900000, 717.989646, 261.662396, 0.002000, 0.000000, 0.000000
-32.800000, 717.989646, 261.660596, 0.002000, 0.000000, 0.000000
-32.700000, 717.989646, 261.658797, 0.002000, 0.000000, 0.000000
-32.600000, 717.989646, 261.656998, 0.002000, 0.000000, 0.000000
-32.500000, 695.874491, 261.655198, 0.002000, 0.000000, 0.000000
-32.400000, 695.874491, 261.653399, 0.002000, 0.000000, 0.000000
-32.300000, 695.874491, 261.651600, 0.002000, 0.000000, 0.000000
-32.200000, 695.874491, 261.649801, 0.002000, 0.000000, 0.000000
-32.100000, 697.054092, 261.648001, 0.002000, 0.000000, 0.000000
-32.000000, 697.348992, 261.646202, 0.002000, 0.000000, 0.000000
-31.900000, 697.348992, 261.644403, 0.002000, 0.000000, 0.000000
-31.800000, 697.348992, 261.642603, 0.002000, 0.000000, 0.000000
-31.700000, 697.348992, 261.640804, 0.002000, 0.000000, 0.000000
-31.600000, 697.348992, 261.639005, 0.002000, 0.000000, 0.000000
-31.500000, 714.386466, 261.637206, 0.002000, 0.000000, 0.000000
-31.400000, 739.942677, 261.635406, 0.002000, 0.000000, 0.000000
-31.300000, 739.942677, 261.633607, 0.002000, 0.000000, 0.000000
-31.200000, 717.685726, 261.631808, 0.002000, 0.000000, 0.000000
-31.100000, 717.685726, 261.630009, 0.002000, 0.000000, 0.000000
-31.000000, 717.685726, 261.628209, 0.002000, 0.000000, 0.000000
-30.900000, 717.685726, 261.626410, 0.002000, 0.000000, 0.000000
-30.800000, 714.572556, 261.624611, 0.002000, 0.000000, 0.000000
-30.700000, 709.902801, 261.622811, 0.002000, 0.000000, 0.000000
-30.600000, 709.902801, 261.621012, 0.002000, 0.000000, 0.000000
-30.500000, 709.902801, 261.619213, 0.002000, 0.000000, 0.000000
-30.400000, 694.885209, 261.617414, 0.002000, 0.000000, 0.000000
-30.300000, 694.885209, 261.615614, 0.002000, 0.000000, 0.000000
-30.200000, 731.166576, 261.613815, 0.002000, 0.000000, 0.000000
-30.100000, 746.715733, 261.612016, 0.002000, 0.000000, 0.000000
-30.000000, 682.975811, 261.610216, 0.002000, 0.000000, 0.000000
-29.900000, 667.040830, 261.608417, 0.002000, 0.000000, 0.000000
-29.800000, 667.040830, 261.606618, 0.002000, 0.000000, 0.000000
-29.700000, 667.040830, 261.604819, 0.002000, 0.000000, 0.000000
-29.600000, 667.040830, 261.603019, 0.002000, 0.000000, 0.000000
-29.500000, 667.040830, 261.601220, 0.002000, 0.000000, 0.000000
-29.400000, 649.279410, 261.599421, 0.002000, 0.000000, 0.000000
-29.300000, 649.279410, 261.597622, 0.002000, 0.000000, 0.000000
-29.200000, 649.279410, 261.595822, 0.002000, 0.000000, 0.000000
-29.100000, 649.279410, 261.594023, 0.002000, 0.000000, 0.000000
-29.000000, 649.279410, 261.592224, 0.002000, 0.000000, 0.000000
-28.900000, 649.279410, 261.590424, 0.002000, 0.000000, 0.000000
-28.800000, 691.426125, 261.588625, 0.002000, 0.000000, 0.000000
-28.700000, 733.572840, 261.586826, 0.002000, 0.000000, 0.000000
-28.600000, 734.020751, 261.585027, 0.002000, 0.000000, 0.000000
-28.500000, 738.051949, 261.583227, 0.002000, 0.000000, 0.000000
-28.400000, 738.051949, 261.581428, 0.002000, 0.000000, 0.000000
-28.300000, 738.051949, 261.579629, 0.002000, 0.000000, 0.000000
-28.200000, 738.051949, 261.577829, 0.002000, 0.000000, 0.000000
-28.100000, 738.051949, 261.576030, 0.002000, 0.000000, 0.000000
-28.000000, 738.051949, 261.574231, 0.002000, 0.000000, 0.000000
-27.900000, 654.664324, 261.572432, 0.002000, 0.000000, 0.000000
-27.800000, 633.817418, 261.570632, 0.002000, 0.000000, 0.000000
-27.700000, 669.250549, 261.568833, 0.002000, 0.000000, 0.000000
-27.600000, 684.436177, 261.567034, 0.002000, 0.000000, 0.000000
-27.500000, 684.436177, 261.565235, 0.002000, 0.000000, 0.000000
-27.400000, 684.436177, 261.563435, 0.002000, 0.000000, 0.000000
-27.300000, 684.436177, 261.561636, 0.002000, 0.000000, 0.000000
-27.200000, 684.436177, 261.559837, 0.002000, 0.000000, 0.000000
-27.100000, 684.436177, 261.558037, 0.002000, 0.000000, 0.000000
-27.000000, 726.329038, 261.556238, 0.002000, 0.000000, 0.000000
-26.900000, 730.983800, 261.554439, 0.002000, 0.000000, 0.000000
-26.800000, 748.977613, 261.552640, 0.002000, 0.000000, 0.000000
-26.700000, 748.977613, 261.550840, 0.002000, 0.000000, 0.000000
-26.600000, 748.977613, 261.549041, 0.002000, 0.000000, 0.000000
-26.500000, 748.977613, 261.547242, 0.002000, 0.000000, 0.000000
-26.400000, 748.977613, 261.545442, 0.002000, 0.000000, 0.000000
-26.300000, 730.279367, 261.543643, 0.002000, 0.000000, 0.000000
-26.200000, 655.486380, 261.541844, 0.002000, 0.000000, 0.000000
-26.100000, 655.486380, 261.540045, 0.002000, 0.000000, 0.000000
-26.000000, 655.486380, 261.538245, 0.002000, 0.000000, 0.000000
-25.900000, 631.245119, 261.536446, 0.002000, 0.000000, 0.000000
-25.800000, 607.003858, 261.534647, 0.002000, 0.000000, 0.000000
-25.700000, 607.003858, 261.532847, 0.002000, 0.000000, 0.000000
-25.600000, 607.003858, 261.531048, 0.002000, 0.000000, 0.000000
-25.500000, 749.130324, 261.529249, 0.002000, 0.000000, 0.000000
-25.400000, 774.333912, 261.527450, 0.002000, 0.000000, 0.000000
-25.300000, 681.381651, 261.525650, 0.002000, 0.000000, 0.000000
-25.200000, 681.381651, 261.523851, 0.002000, 0.000000, 0.000000
-25.100000, 681.381651, 261.522052, 0.002000, 0.000000, 0.000000
-25.000000, 678.092820, 261.520253, 0.002000, 0.000000, 0.000000
-24.900000, 677.727394, 261.518453, 0.002000, 0.000000, 0.000000
-24.800000, 677.727394, 261.516654, 0.002000, 0.000000, 0.000000
-24.700000, 677.727394, 261.514855, 0.002000, 0.000000, 0.000000
-24.600000, 677.727394, 261.513055, 0.002000, 0.000000, 0.000000
-24.500000, 677.727394, 261.511256, 0.002000, 0.000000, 0.000000
-24.400000, 676.371594, 261.509457, 0.002000, 0.000000, 0.000000
-24.300000, 675.467727, 261.507658, 0.002000, 0.000000, 0.000000
-24.200000, 675.467727, 261.505858, 0.002000, 0.000000, 0.000000
-24.100000, 675.467727, 261.504059, 0.002000, 0.000000, 0.000000
-24.000000, 671.398796, 261.502260, 0.002000, 0.000000, 0.000000
-23.900000, 655.123076, 261.500460, 0.002000, 0.000000, 0.000000
-23.800000, 655.123076, 261.498661, 0.002000, 0.000000, 0.000000
-23.700000, 655.123076, 261.496862, 0.002000, 0.000000, 0.000000
-23.600000, 655.123076, 261.495063, 0.002000, 0.000000, 0.000000
-23.500000, 655.123076, 261.493263, 0.002000, 0.000000, 0.000000
-23.400000, 622.154855, 261.491464, 0.002000, 0.000000, 0.000000
-23.300000, 622.154855, 261.489665, 0.002000, 0.000000, 0.000000
-23.200000, 662.275286, 261.487866, 0.002000, 0.000000, 0.000000
-23.100000, 679.469757, 261.486066, 0.002000, 0.000000, 0.000000
-23.000000, 679.469757, 261.484267, 0.002000, 0.000000, 0.000000
-22.900000, 679.469757, 261.482468, 0.002000, 0.000000, 0.000000
-22.800000, 685.213227, 261.480668, 0.002000, 0.000000, 0.000000
-22.700000, 736.904455, 261.478869, 0.002000, 0.000000, 0.000000
-22.600000, 736.904455, 261.477070, 0.002000, 0.000000, 0.000000
-22.500000, 562.251562, 261.475271, 0.002000, 0.000000, 0.000000
-22.400000, 622.225061, 261.473471, 0.002000, 0.000000, 0.000000
-22.300000, 637.218436, 261.471672, 0.002000, 0.000000, 0.000000
-22.200000, 637.218436, 261.469873, 0.002000, 0.000000, 0.000000
-22.100000, 637.218436, 261.468073, 0.002000, 0.000000, 0.000000
-22.000000, 647.384256, 261.466274, 0.002000, 0.000000, 0.000000
-21.900000, 671.104502, 261.464475, 0.002000, 0.000000, 0.000000
-21.800000, 671.104502, 261.462676, 0.002000, 0.000000, 0.000000
-21.700000, 633.854358, 261.460876, 0.002000, 0.000000, 0.000000
-21.600000, 624.541822, 261.459077, 0.002000, 0.000000, 0.000000
-21.500000, 624.541822, 261.457278, 0.002000, 0.000000, 0.000000
-21.400000, 624.541822, 261.455479, 0.002000, 0.000000, 0.000000
-21.300000, 624.541822, 261.453679, 0.002000, 0.000000, 0.000000
-21.200000, 633.541125, 261.451880, 0.002000, 0.000000, 0.000000
-21.100000, 634.541048, 261.450081, 0.002000, 0.000000, 0.000000
-21.000000, 651.073302, 261.448281, 0.002000, 0.000000, 0.000000
-20.900000, 717.202317, 261.446482, 0.002000, 0.000000, 0.000000
-20.800000, 698.917775, 261.444683, 0.002000, 0.000000, 0.000000
-20.700000, 680.633233, 261.442884, 0.002000, 0.000000, 0.000000
-20.600000, 680.633233, 261.441084, 0.002000, 0.000000, 0.000000
-20.500000, 680.633233, 261.439285, 0.002000, 0.000000, 0.000000
-20.400000, 633.694845, 261.437486, 0.002000, 0.000000, 0.000000
-20.300000, 628.479469, 261.435686, 0.002000, 0.000000, 0.000000
-20.200000, 628.479469, 261.433887, 0.002000, 0.000000, 0.000000
-20.100000, 628.479469, 261.432088, 0.002000, 0.000000, 0.000000
-20.000000, 628.479469, 261.430289, 0.002000, 0.000000, 0.000000
-19.900000, 661.471347, 261.428489, 0.002000, 0.000000, 0.000000
-19.800000, 669.719317, 261.426690, 0.002000, 0.000000, 0.000000
-19.700000, 672.814379, 261.424891, 0.002000, 0.000000, 0.000000
-19.600000, 700.669942, 261.423092, 0.002000, 0.000000, 0.000000
-19.500000, 700.669942, 261.421292, 0.002000, 0.000000, 0.000000
-19.400000, 700.669942, 261.419493, 0.002000, 0.000000, 0.000000
-19.300000, 700.669942, 261.417694, 0.002000, 0.000000, 0.000000
-19.200000, 700.669942, 261.415894, 0.002000, 0.000000, 0.000000
-19.100000, 615.888404, 261.414095, 0.002000, 0.000000, 0.000000
-19.000000, 606.468233, 261.412296, 0.002000, 0.000000, 0.000000
-18.900000, 606.468233, 261.410497, 0.002000, 0.000000, 0.000000
-18.800000, 606.468233, 261.408697, 0.002000, 0.000000, 0.000000
-18.700000, 606.468233, 261.406898, 0.002000, 0.000000, 0.000000
-18.600000, 638.575621, 261.405099, 0.002000, 0.000000, 0.000000
-18.500000, 642.143108, 261.403299, 0.002000, 0.000000, 0.000000
-18.400000, 642.143108, 261.401500, 0.002000, 0.000000, 0.000000
-18.300000, 642.143108, 261.399701, 0.002000, 0.000000, 0.000000
-18.200000, 702.912405, 261.397902, 0.002000, 0.000000, 0.000000
-18.100000, 702.912405, 261.396102, 0.002000, 0.000000, 0.000000
-18.000000, 605.773204, 261.394303, 0.002000, 0.000000, 0.000000
-17.900000, 605.773204, 261.392504, 0.002000, 0.000000, 0.000000
-17.800000, 603.356722, 261.390705, 0.002000, 0.000000, 0.000000
-17.700000, 597.718265, 261.388905, 0.002000, 0.000000, 0.000000
-17.600000, 597.718265, 261.387106, 0.002000, 0.000000, 0.000000
-17.500000, 597.718265, 261.385307, 0.002000, 0.000000, 0.000000
-17.400000, 648.258317, 261.383507, 0.002000, 0.000000, 0.000000
-17.300000, 698.798369, 261.381708, 0.002000, 0.000000, 0.000000
-17.200000, 698.798369, 261.379909, 0.002000, 0.000000, 0.000000
-17.100000, 602.412387, 261.378110, 0.002000, 0.000000, 0.000000
-17.000000, 602.412387, 261.376310, 0.002000, 0.000000, 0.000000
-16.900000, 604.435401, 261.374511, 0.002000, 0.000000, 0.000000
-16.800000, 612.527456, 261.372712, 0.002000, 0.000000, 0.000000
-16.700000, 612.527456, 261.370912, 0.002000, 0.000000, 0.000000
-16.600000, 612.527456, 261.369113, 0.002000, 0.000000, 0.000000
-16.500000, 612.527456, 261.367314, 0.002000, 0.000000, 0.000000
-16.400000, 672.368709, 261.365515, 0.002000, 0.000000, 0.000000
-16.300000, 687.329022, 261.363715, 0.002000, 0.000000, 0.000000
-16.200000, 687.329022, 261.361916, 0.002000, 0.000000, 0.000000
-16.100000, 687.329022, 261.360117, 0.002000, 0.000000, 0.000000
-16.000000, 647.795995, 261.358317, 0.002000, 0.000000, 0.000000
-15.900000, 599.396493, 261.356518, 0.002000, 0.000000, 0.000000
-15.800000, 642.996642, 261.354719, 0.002000, 0.000000, 0.000000
-15.700000, 642.996642, 261.352920, 0.002000, 0.000000, 0.000000
-15.600000, 642.996642, 261.351120, 0.002000, 0.000000, 0.000000
-15.500000, 640.768323, 261.349321, 0.002000, 0.000000, 0.000000
-15.400000, 639.282778, 261.347522, 0.002000, 0.000000, 0.000000
-15.300000, 639.282778, 261.345723, 0.002000, 0.000000, 0.000000
-15.200000, 623.057164, 261.343923, 0.002000, 0.000000, 0.000000
-15.100000, 623.296202, 261.342124, 0.002000, 0.000000, 0.000000
-15.000000, 631.463742, 261.340325, 0.002000, 0.000000, 0.000000
-14.900000, 631.463742, 261.338525, 0.002000, 0.000000, 0.000000
-14.800000, 631.463742, 261.336726, 0.002000, 0.000000, 0.000000
-14.700000, 703.453241, 261.334927, 0.002000, 0.000000, 0.000000
-14.600000, 703.453241, 261.333128, 0.002000, 0.000000, 0.000000
-14.500000, 703.453241, 261.331328, 0.002000, 0.000000, 0.000000
-14.400000, 703.453241, 261.329529, 0.002000, 0.000000, 0.000000
-14.300000, 621.698996, 261.327730, 0.002000, 0.000000, 0.000000
-14.200000, 608.747720, 261.325930, 0.002000, 0.000000, 0.000000
-14.100000, 595.796444, 261.324131, 0.002000, 0.000000, 0.000000
-14.000000, 595.796444, 261.322332, 0.002000, 0.000000, 0.000000
-13.900000, 595.796444, 261.320533, 0.002000, 0.000000, 0.000000
-13.800000, 600.621484, 261.318733, 0.002000, 0.000000, 0.000000
-13.700000, 602.689359, 261.316934, 0.002000, 0.000000, 0.000000
-13.600000, 602.689359, 261.315135, 0.002000, 0.000000, 0.000000
-13.500000, 602.689359, 261.313336, 0.002000, 0.000000, 0.000000
-13.400000, 591.098537, 261.311536, 0.002000, 0.000000, 0.000000
-13.300000, 564.053287, 261.309737, 0.002000, 0.000000, 0.000000
-13.200000, 564.053287, 261.307938, 0.002000, 0.000000, 0.000000
-13.100000, 525.199961, 261.306138, 0.002000, 0.000000, 0.000000
-13.000000, 576.089353, 261.304339, 0.002000, 0.000000, 0.000000
-12.900000, 627.283758, 261.302540, 0.002000, 0.000000, 0.000000
-12.800000, 627.283758, 261.300741, 0.002000, 0.000000, 0.000000
-12.700000, 627.283758, 261.298941, 0.002000, 0.000000, 0.000000
-12.600000, 627.283758, 261.297142, 0.002000, 0.000000, 0.000000
-12.500000, 543.773194, 261.295343, 0.002000, 0.000000, 0.000000
-12.400000, 522.895552, 261.293543, 0.002000, 0.000000, 0.000000
-12.300000, 544.250621, 261.291744, 0.002000, 0.000000, 0.000000
-12.200000, 558.487334, 261.289945, 0.002000, 0.000000, 0.000000
-12.100000, 558.487334, 261.288146, 0.002000, 0.000000, 0.000000
-12.000000, 558.487334, 261.286346, 0.002000, 0.000000, 0.000000
-11.900000, 558.487334, 261.284547, 0.002000, 0.000000, 0.000000
-11.800000, 558.487334, 261.282748, 0.002000, 0.000000, 0.000000
-11.700000, 558.487334, 261.280949, 0.002000, 0.000000, 0.000000
-11.600000, 558.487334, 261.279149, 0.002000, 0.000000, 0.000000
-11.500000, 595.886678, 261.277350, 0.002000, 0.000000, 0.000000
-11.400000, 633.286022, 261.275551, 0.002000, 0.000000, 0.000000
-11.300000, 633.286022, 261.273751, 0.002000, 0.000000, 0.000000
-11.200000, 621.882593, 261.271952, 0.002000, 0.000000, 0.000000
-11.100000, 595.274592, 261.270153, 0.002000, 0.000000, 0.000000
-11.000000, 676.994694, 261.268354, 0.002000, 0.000000, 0.000000
-10.900000, 676.994694, 261.266554, 0.002000, 0.000000, 0.000000
-10.800000, 621.145392, 261.264755, 0.002000, 0.000000, 0.000000
-10.700000, 597.209977, 261.262956, 0.002000, 0.000000, 0.000000
-10.600000, 593.871552, 261.261156, 0.002000, 0.000000, 0.000000
-10.500000, 591.645936, 261.259357, 0.002000, 0.000000, 0.000000
-10.400000, 591.645936, 261.257558, 0.002000, 0.000000, 0.000000
-10.300000, 591.645936, 261.255759, 0.002000, 0.000000, 0.000000
-10.200000, 792.237852, 261.253959, 0.002000, 0.000000, 0.000000
-10.100000, 754.512240, 261.252160, 0.002000, 0.000000, 0.000000
-10.000000, 648.126014, 261.250361, 0.002000, 0.000000, 0.000000
-9.900000, 577.201863, 261.248562, 0.002000, 0.000000, 0.000000
-9.800000, 597.067376, 261.246762, 0.002000, 0.000000, 0.000000
-9.700000, 677.207828, 261.244963, 0.002000, 0.000000, 0.000000
-9.600000, 553.308976, 261.243164, 0.002000, 0.000000, 0.000000
-9.500000, 631.275240, 261.241364, 0.002000, 0.000000, 0.000000
-9.400000, 650.766807, 261.239565, 0.002000, 0.000000, 0.000000
-9.300000, 740.855568, 261.237766, 0.002000, 0.000000, 0.000000
-9.200000, 874.177881, 261.235967, 0.002000, 0.000000, 0.000000
-9.100000, 871.964645, 261.234167, 0.002000, 0.000000, 0.000000
-9.000000, 871.964645, 261.232368, 0.002000, 0.000000, 0.000000
-8.900000, 898.784655, 261.230569, 0.002000, 0.000000, 0.000000
-8.800000, 689.723037, 261.228769, 0.002000, 0.000000, 0.000000
-8.700000, 542.240062, 261.226970, 0.002000, 0.000000, 0.000000
-8.600000, 690.021299, 261.225171, 0.002000, 0.000000, 0.000000
-8.500000, 671.345703, 261.223372, 0.002000, 0.000000, 0.000000
-8.400000, 572.054597, 261.221572, 0.002000, 0.000000, 0.000000
-8.300000, 567.242302, 261.219773, 0.002000, 0.000000, 0.000000
-8.200000, 552.302959, 261.217974, 0.002000, 0.000000, 0.000000
-8.100000, 543.248813, 261.216174, 0.002000, 0.000000, 0.000000
-8.000000, 775.529684, 261.214375, 0.002000, 0.000000, 0.000000
-7.900000, 869.104758, 261.212576, 0.002000, 0.000000, 0.000000
-7.800000, 787.710778, 261.210777, 0.002000, 0.000000, 0.000000
-7.700000, 624.736134, 261.208977, 0.002000, 0.000000, 0.000000
-7.600000, 650.766807, 261.207178, 0.002000, 0.000000, 0.000000
-7.500000, 580.848672, 261.205379, 0.002000, 0.000000, 0.000000
-7.400000, 705.535129, 261.203580, 0.002000, 0.000000, 0.000000
-7.300000, 857.761283, 261.201780, 0.002000, 0.000000, 0.000000
-7.200000, 853.293776, 261.199981, 0.002000, 0.000000, 0.000000
-7.100000, 878.311814, 261.198182, 0.002000, 0.000000, 0.000000
-7.000000, 848.707136, 261.196382, 0.002000, 0.000000, 0.000000
-6.900000, 838.263098, 261.194583, 0.002000, 0.000000, 0.000000
-6.800000, 898.624077, 261.192784, 0.002000, 0.000000, 0.000000
-6.700000, 892.643762, 261.190985, 0.002000, 0.000000, 0.000000
-6.600000, 916.500000, 261.189185, 0.002000, 0.000000, 0.000000
-6.500000, 875.136821, 261.187386, 0.002000, 0.000000, 0.000000
-6.400000, 878.204594, 261.185587, 0.002000, 0.000000, 0.000000
-6.300000, 866.696296, 261.183787, 0.002000, 0.000000, 0.000000
-6.200000, 864.501261, 261.181988, 0.002000, 0.000000, 0.000000
-6.100000, 879.896289, 261.180189, 0.002000, 0.000000, 0.000000
-6.000000, 857.761283, 260.992945, 0.002000, 0.000000, 0.000000
-5.900000, 875.078628, 260.783945, 0.002000, 0.000000, 0.000000
-5.800000, 893.501336, 260.574945, 0.002000, 0.000000, 0.000000
-5.700000, 545.763853, 260.365945, 0.002000, 0.000000, 0.000000
-5.600000, 803.555535, 260.156945, 0.002000, 0.000000, 0.000000
-5.500000, 851.743198, 259.947945, 0.002000, 0.000000, 0.000000
-5.400000, 615.681988, 259.738945, 0.002000, 0.000000, 0.000000
-5.300000, 690.378699, 259.529945, 0.002000, 0.000000, 0.000000
-5.200000, 579.465400, 259.320945, 0.002000, 0.000000, 0.000000
-5.100000, 801.479339, 259.111945, 0.002000, 0.000000, 0.000000
-5.000000, 889.730508, 259.039880, 0.002000, 0.000000, 0.000000
-4.900000, 848.826270, 258.983880, 0.002000, 0.000000, 0.000000
-4.800000, 857.880416, 258.927880, 0.002000, 0.000000, 0.000000
-4.700000, 839.772123, 258.871880, 0.002000, 0.000000, 0.000000
-4.600000, 831.849744, 258.815880, 0.002000, 0.000000, 0.000000
-4.500000, 859.629513, 258.759880, 0.002000, 0.000000, 0.000000
-4.400000, 882.779320, 258.703880, 0.002000, 0.000000, 0.000000
-4.300000, 882.779320, 258.647880, 0.002000, 0.000000, 0.000000
-4.200000, 882.779320, 258.591880, 0.002000, 0.000000, 0.000000
-4.100000, 889.757271, 258.535880, 0.002000, 0.000000, 0.000000
-4.000000, 835.662017, 258.465560, 0.002000, 0.000000, 0.000000
-3.900000, 854.187278, 258.393560, 0.002000, 0.000000, 0.000000
-3.800000, 839.024831, 258.321560, 0.002000, 0.000000, 0.000000
-3.700000, 825.573574, 258.249560, 0.002000, 0.000000, 0.000000
-3.600000, 862.407490, 258.177560, 0.002000, 0.000000, 0.000000
-3.500000, 835.245049, 258.105560, 0.002000, 0.000000, 0.000000
-3.400000, 889.569930, 258.033560, 0.002000, 0.000000, 0.000000
-3.300000, 901.719117, 257.961560, 0.002000, 0.000000, 0.000000
-3.200000, 886.382501, 257.889560, 0.002000, 0.000000, 0.000000
-3.100000, 873.725173, 257.817560, 0.002000, 0.000000, 0.000000
-3.000000, 862.407490, 257.793890, 0.002000, 0.000000, 0.000000
-2.900000, 732.079113, 257.775890, 0.002000, 0.000000, 0.000000
-2.800000, 737.901303, 257.757890, 0.002000, 0.000000, 0.000000
-2.700000, 822.795597, 257.739890, 0.002000, 0.000000, 0.000000
-2.600000, 838.640354, 257.721890, 0.002000, 0.000000, 0.000000
-2.500000, 890.701699, 257.703890, 0.002000, 0.000000, 0.000000
-2.400000, 814.873219, 257.685890, 0.002000, 0.000000, 0.000000
-2.300000, 656.425648, 257.667890, 0.002000, 0.000000, 0.000000
-2.200000, 788.842547, 257.649890, 0.002000, 0.000000, 0.000000
-2.100000, 605.734339, 257.631890, 0.002000, 0.000000, 0.000000
-2.000000, 821.187295, 257.647005, 0.002000, 0.000000, 0.000000
-1.900000, 846.562733, 257.666005, 0.002000, 0.000000, 0.000000
-1.800000, 749.230654, 257.685005, 0.002000, 0.000000, 0.000000
-1.700000, 633.790281, 257.704005, 0.002000, 0.000000, 0.000000
-1.600000, 498.454612, 257.723005, 0.002000, 0.000000, 0.000000
-1.500000, 671.642805, 257.742005, 0.002000, 0.000000, 0.000000
-1.400000, 549.453292, 257.761005, 0.002000, 0.000000, 0.000000
-1.300000, 723.666004, 257.780005, 0.002000, 0.000000, 0.000000
-1.200000, 691.636220, 257.799005, 0.002000, 0.000000, 0.000000
-1.100000, 540.733772, 257.818005, 0.002000, 0.000000, 0.000000
-1.000000, 630.520728, 258.027640, 0.002000, 0.000000, 0.000000
-0.900000, 569.219918, 258.259640, 0.002000, 0.000000, 0.000000
-0.800000, 431.263312, 258.491640, 0.002000, 0.000000, 0.000000
-0.700000, 378.415686, 258.723640, 0.002000, 0.000000, 0.000000
-0.600000, 352.885374, 258.955640, 0.002000, 0.000000, 0.000000
-0.500000, 358.447208, 259.187640, 0.002000, 0.000000, 0.000000
-0.400000, 391.268490, 259.419640, 0.002000, 0.000000, 0.000000
-0.300000, 381.908000, 259.651640, 0.002000, 0.000000, 0.000000
-0.200000, 345.487183, 259.883640, 0.002000, 0.000000, 0.000000
-0.100000, 345.487183, 260.115640, 0.002000, 0.000000, 0.000000
