-60.000000, 777.000000, 241.150000, 0.002000, 0.000000, 0.000000
-59.900000, 767.150000, 241.149627, 0.002000, 0.000000, 0.000000
-59.800000, 767.150000, 241.149253, 0.002000, 0.000000, 0.000000
-59.700000, 767.150000, 241.148880, 0.002000, 0.000000, 0.000000
-59.600000, 767.150000, 241.148507, 0.002000, 0.000000, 0.000000
-59.500000, 767.150000, 241.148134, 0.002000, 0.000000, 0.000000
-59.400000, 767.150000, 241.147760, 0.002000, 0.000000, 0.000000
-59.300000, 767.150000, 241.147387, 0.002000, 0.000000, 0.000000
-59.200000, 767.150000, 241.147014, 0.002000, 0.000000, 0.000000
-59.100000, 767.150000, 241.146640, 0.002000, 0.000000, 0.000000
-59.000000, 767.150000, 241.146267, 0.002000, 0.000000, 0.000000
-58.900000, 766.730000, 241.145894, 0.002000, 0.000000, 0.000000
-58.800000, 765.750000, 241.145521, 0.002000, 0.000000, 0.000000
-58.700000, 765.750000, 241.145147, 0.002000, 0.000000, 0.000000
-58.600000, 765.750000, 241.144774, 0.002000, 0.000000, 0.000000
-58.500000, 765.750000, 241.144401, 0.002000, 0.000000, 0.000000
-58.400000, 765.750000, 241.144028, 0.002000, 0.000000, 0.000000
-58.300000, 765.750000, 241.143654, 0.002000, 0.000000, 0.000000
-58.200000, 765.750000, 241.143281, 0.002000, 0.000000, 0.000000
-58.100000, 765.750000, 241.142908, 0.002000, 0.000000, 0.000000
-58.000000, 765.750000, 241.142534, 0.002000, 0.000000, 0.000000
-57.900000, 766.549950, 241.142161, 0.002000, 0.000000, 0.000000
-57.800000, 767.349900, 241.141788, 0.002000, 0.000000, 0.000000
-57.700000, 767.349900, 241.141415, 0.002000, 0.000000, 0.000000
-57.600000, 767.349900, 241.141041, 0.002000, 0.000000, 0.000000
-57.500000, 767.349900, 241.140668, 0.002000, 0.000000, 0.000000
-57.400000, 767.349900, 241.140295, 0.002000, 0.000000, 0.000000
-57.300000, 767.349900, 241.139921, 0.002000, 0.000000, 0.000000
-57.200000, 767.349900, 241.139548, 0.002000, 0.000000, 0.000000
-57.100000, 767.349900, 241.139175, 0.002000, 0.000000, 0.000000
-57.000000, 766.589910, 241.138802, 0.002000, 0.000000, 0.000000
-56.900000, 759.750000, 241.138428, 0.002000, 0.000000, 0.000000
-56.800000, 759.750000, 241.138055, 0.002000, 0.000000, 0.000000
-56.700000, 759.750000, 241.137682, 0.002000, 0.000000, 0.000000
-56.600000, 759.750000, 241.137308, 0.002000, 0.000000, 0.000000
-56.500000, 759.750000, 241.136935, 0.002000, 0.000000, 0.000000
-56.400000, 759.750000, 241.136562, 0.002000, 0.000000, 0.000000
-56.300000, 759.750000, 241.136189, 0.002000, 0.000000, 0.000000
-56.200000, 759.750000, 241.135815, 0.002000, 0.000000, 0.000000
-56.100000, 759.750000, 241.135442, 0.002000, 0.000000, 0.000000
-56.000000, 759.750000, 241.135069, 0.002000, 0.000000, 0.000000
-55.900000, 754.465000, 241.134695, 0.002000, 0.000000, 0.000000
-55.800000, 752.200000, 241.134322, 0.002000, 0.000000, 0.000000
-55.700000, 752.200000, 241.133949, 0.002000, 0.000000, 0.000000
-55.600000, 752.200000, 241.133576, 0.002000, 0.000000, 0.000000
-55.500000, 752.200000, 241.133202, 0.002000, 0.000000, 0.000000
-55.400000, 752.200000, 241.132829, 0.002000, 0.000000, 0.000000
-55.300000, 752.200000, 241.132456, 0.002000, 0.000000, 0.000000
-55.200000, 752.200000, 241.132083, 0.002000, 0.000000, 0.000000
-55.100000, 752.200000, 241.131709, 0.002000, 0.000000, 0.000000
-55.000000, 750.440000, 241.131336, 0.002000, 0.000000, 0.000000
-54.900000, 750.000000, 241.130963, 0.002000, 0.000000, 0.000000
-54.800000, 750.000000, 241.130589, 0.002000, 0.000000, 0.000000
-54.700000, 750.000000, 241.130216, 0.002000, 0.000000, 0.000000
-54.600000, 750.000000, 241.129843, 0.002000, 0.000000, 0.000000
-54.500000, 750.000000, 241.129470, 0.002000, 0.000000, 0.000000
-54.400000, 750.000000, 241.129096, 0.002000, 0.000000, 0.000000
-54.300000, 750.000000, 241.128723, 0.002000, 0.000000, 0.000000
-54.200000, 750.000000, 241.128350, 0.002000, 0.000000, 0.000000
-54.100000, 750.000000, 241.127976, 0.002000, 0.000000, 0.000000
-54.000000, 750.989980, 241.127603, 0.002000, 0.000000, 0.000000
-53.900000, 754.949900, 241.127230, 0.002000, 0.000000, 0.000000
-53.800000, 754.949900, 241.126857, 0.002000, 0.000000, 0.000000
-53.700000, 754.949900, 241.126483, 0.002000, 0.000000, 0.000000
-53.600000, 754.949900, 241.126110, 0.002000, 0.000000, 0.000000
-53.500000, 754.949900, 241.125737, 0.002000, 0.000000, 0.000000
-53.400000, 754.949900, 241.125363, 0.002000, 0.000000, 0.000000
-53.300000, 754.949900, 241.124990, 0.002000, 0.000000, 0.000000
-53.200000, 754.949900, 241.124617, 0.002000, 0.000000, 0.000000
-53.100000, 754.949900, 241.124244, 0.002000, 0.000000, 0.000000
-53.000000, 753.489900, 241.123870, 0.002000, 0.000000, 0.000000
-52.900000, 751.299900, 241.123497, 0.002000, 0.000000, 0.000000
-52.800000, 751.299900, 241.123124, 0.002000, 0.000000, 0.000000
-52.700000, 751.299900, 241.122750, 0.002000, 0.000000, 0.000000
-52.600000, 751.299900, 241.122377, 0.002000, 0.000000, 0.000000
-52.500000, 751.299900, 241.122004, 0.002000, 0.000000, 0.000000
-52.400000, 751.299900, 241.121631, 0.002000, 0.000000, 0.000000
-52.300000, 751.299900, 241.121257, 0.002000, 0.000000, 0.000000
-52.200000, 751.299900, 241.120884, 0.002000, 0.000000, 0.000000
-52.100000, 751.299900, 241.120511, 0.002000, 0.000000, 0.000000
-52.000000, 746.399950, 241.120138, 0.002000, 0.000000, 0.000000
-51.900000, 741.500000, 241.119764, 0.002000, 0.000000, 0.000000
-51.800000, 741.500000, 241.119391, 0.002000, 0.000000, 0.000000
-51.700000, 741.500000, 241.119018, 0.002000, 0.000000, 0.000000
-51.600000, 741.500000, 241.118644, 0.002000, 0.000000, 0.000000
-51.500000, 741.500000, 241.118271, 0.002000, 0.000000, 0.000000
-51.400000, 741.500000, 241.117898, 0.002000, 0.000000, 0.000000
-51.300000, 741.500000, 241.117525, 0.002000, 0.000000, 0.000000
-51.200000, 741.500000, 241.117151, 0.002000, 0.000000, 0.000000
-51.100000, 741.500000, 241.116778, 0.002000, 0.000000, 0.000000
-51.000000, 741.500000, 241.116405, 0.002000, 0.000000, 0.000000
-50.900000, 734.599900, 241.116031, 0.002000, 0.000000, 0.000000
-50.800000, 734.599900, 241.115658, 0.002000, 0.000000, 0.000000
-50.700000, 734.599900, 241.115285, 0.002000, 0.000000, 0.000000
-50.600000, 734.599900, 241.114912, 0.002000, 0.000000, 0.000000
-50.500000, 734.599900, 241.114538, 0.002000, 0.000000, 0.000000
-50.400000, 734.599900, 241.114165, 0.002000, 0.000000, 0.000000
-50.300000, 734.599900, 241.113792, 0.002000, 0.000000, 0.000000
-50.200000, 734.599900, 241.113418, 0.002000, 0.000000, 0.000000
-50.100000, 734.599900, 241.113045, 0.002000, 0.000000, 0.000000
-50.000000, 734.599900, 241.112672, 0.002000, 0.000000, 0.000000
-49.900000, 732.324900, 241.112299, 0.002000, 0.000000, 0.000000
-49.800000, 730.049900, 241.111925, 0.002000, 0.000000, 0.000000
-49.700000, 730.049900, 241.111552, 0.002000, 0.000000, 0.000000
-49.600000, 730.049900, 241.111179, 0.002000, 0.000000, 0.000000
-49.500000, 730.049900, 241.110806, 0.002000, 0.000000, 0.000000
-49.400000, 730.049900, 241.110432, 0.002000, 0.000000, 0.000000
-49.300000, 730.049900, 241.110059, 0.002000, 0.000000, 0.000000
-49.200000, 730.049900, 241.109686, 0.002000, 0.000000, 0.000000
-49.100000, 730.049900, 241.109312, 0.002000, 0.000000, 0.000000
-49.000000, 730.049900, 241.108939, 0.002000, 0.000000, 0.000000
-48.900000, 730.129900, 241.108566, 0.002000, 0.000000, 0.000000
-48.800000, 730.449900, 241.108193, 0.002000, 0.000000, 0.000000
-48.700000, 730.449900, 241.107819, 0.002000, 0.000000, 0.000000
-48.600000, 730.449900, 241.107446, 0.002000, 0.000000, 0.000000
-48.500000, 730.449900, 241.107073, 0.002000, 0.000000, 0.000000
-48.400000, 730.449900, 241.106699, 0.002000, 0.000000, 0.000000
-48.300000, 730.449900, 241.106326, 0.002000, 0.000000, 0.000000
-48.200000, 730.449900, 241.105953, 0.002000, 0.000000, 0.000000
-48.100000, 730.449900, 241.105580, 0.002000, 0.000000, 0.000000
-48.000000, 730.449900, 241.105206, 0.002000, 0.000000, 0.000000
-47.900000, 723.744990, 241.104833, 0.002000, 0.000000, 0.000000
-47.800000, 723.000000, 241.104460, 0.002000, 0.000000, 0.000000
-47.700000, 723.000000, 241.104086, 0.002000, 0.000000, 0.000000
-47.600000, 723.000000, 241.103713, 0.002000, 0.000000, 0.000000
-47.500000, 723.000000, 241.103340, 0.002000, 0.000000, 0.000000
-47.400000, 723.000000, 241.102967, 0.002000, 0.000000, 0.000000
-47.300000, 723.000000, 241.102593, 0.002000, 0.000000, 0.000000
-47.200000, 723.000000, 241.102220, 0.002000, 0.000000, 0.000000
-47.100000, 723.000000, 241.101847, 0.002000, 0.000000, 0.000000
-47.000000, 723.000000, 241.101473, 0.002000, 0.000000, 0.000000
-46.900000, 721.220000, 241.101100, 0.002000, 0.000000, 0.000000
-46.800000, 718.550000, 241.100727, 0.002000, 0.000000, 0.000000
-46.700000, 718.550000, 241.100354, 0.002000, 0.000000, 0.000000
-46.600000, 718.550000, 241.099980, 0.002000, 0.000000, 0.000000
-46.500000, 718.550000, 241.099607, 0.002000, 0.000000, 0.000000
-46.400000, 718.550000, 241.099234, 0.002000, 0.000000, 0.000000
-46.300000, 718.550000, 241.098861, 0.002000, 0.000000, 0.000000
-46.200000, 718.550000, 241.098487, 0.002000, 0.000000, 0.000000
-46.100000, 718.550000, 241.098114, 0.002000, 0.000000, 0.000000
-46.000000, 718.550000, 241.097741, 0.002000, 0.000000, 0.000000
-45.900000, 720.650000, 241.097367, 0.002000, 0.000000, 0.000000
-45.800000, 720.650000, 241.096994, 0.002000, 0.000000, 0.000000
-45.700000, 720.650000, 241.096621, 0.002000, 0.000000, 0.000000
-45.600000, 720.650000, 241.096248, 0.002000, 0.000000, 0.000000
-45.500000, 720.650000, 241.095874, 0.002000, 0.000000, 0.000000
-45.400000, 720.650000, 241.095501, 0.002000, 0.000000, 0.000000
-45.300000, 720.650000, 241.095128, 0.002000, 0.000000, 0.000000
-45.200000, 720.650000, 241.094754, 0.002000, 0.000000, 0.000000
-45.100000, 720.650000, 241.094381, 0.002000, 0.000000, 0.000000
-45.000000, 720.650000, 241.094008, 0.002000, 0.000000, 0.000000
-44.900000, 715.970000, 241.093635, 0.002000, 0.000000, 0.000000
-44.800000, 708.950000, 241.093261, 0.002000, 0.000000, 0.000000
-44.700000, 708.950000, 241.092888, 0.002000, 0.000000, 0.000000
-44.600000, 708.950000, 241.092515, 0.002000, 0.000000, 0.000000
-44.500000, 708.950000, 241.092141, 0.002000, 0.000000, 0.000000
-44.400000, 708.950000, 241.091768, 0.002000, 0.000000, 0.000000
-44.300000, 708.950000, 241.091395, 0.002000, 0.000000, 0.000000
-44.200000, 708.950000, 241.091022, 0.002000, 0.000000, 0.000000
-44.100000, 708.950000, 241.090648, 0.002000, 0.000000, 0.000000
-44.000000, 708.950000, 241.090275, 0.002000, 0.000000, 0.000000
-43.900000, 703.385000, 241.089902, 0.002000, 0.000000, 0.000000
-43.800000, 701.000000, 241.089528, 0.002000, 0.000000, 0.000000
-43.700000, 701.000000, 241.089155, 0.002000, 0.000000, 0.000000
-43.600000, 701.000000, 241.088782, 0.002000, 0.000000, 0.000000
-43.500000, 701.000000, 241.088409, 0.002000, 0.000000, 0.000000
-43.400000, 701.000000, 241.088035, 0.002000, 0.000000, 0.000000
-43.300000, 701.000000, 241.087662, 0.002000, 0.000000, 0.000000
-43.200000, 701.000000, 241.087289, 0.002000, 0.000000, 0.000000
-43.100000, 701.000000, 241.086916, 0.002000, 0.000000, 0.000000
-43.000000, 701.000000, 241.086542, 0.002000, 0.000000, 0.000000
-42.900000, 700.100000, 241.086169, 0.002000, 0.000000, 0.000000
-42.800000, 698.750000, 241.085796, 0.002000, 0.000000, 0.000000
-42.700000, 698.750000, 241.085422, 0.002000, 0.000000, 0.000000
-42.600000, 698.750000, 241.085049, 0.002000, 0.000000, 0.000000
-42.500000, 698.750000, 241.084676, 0.002000, 0.000000, 0.000000
-42.400000, 698.750000, 241.084303, 0.002000, 0.000000, 0.000000
-42.300000, 698.750000, 241.083929, 0.002000, 0.000000, 0.000000
-42.200000, 698.750000, 241.083556, 0.002000, 0.000000, 0.000000
-42.100000, 698.750000, 241.083183, 0.002000, 0.000000, 0.000000
-42.000000, 698.750000, 241.082809, 0.002000, 0.000000, 0.000000
-41.900000, 697.959980, 241.082436, 0.002000, 0.000000, 0.000000
-41.800000, 694.799900, 241.082063, 0.002000, 0.000000, 0.000000
-41.700000, 694.799900, 241.081690, 0.002000, 0.000000, 0.000000
-41.600000, 694.799900, 241.081316, 0.002000, 0.000000, 0.000000
-41.500000, 694.799900, 241.080943, 0.002000, 0.000000, 0.000000
-41.400000, 694.799900, 241.080570, 0.002000, 0.000000, 0.000000
-41.300000, 694.799900, 241.080196, 0.002000, 0.000000, 0.000000
-41.200000, 694.799900, 241.079823, 0.002000, 0.000000, 0.000000
-41.100000, 694.799900, 241.079450, 0.002000, 0.000000, 0.000000
-41.000000, 694.799900, 241.079077, 0.002000, 0.000000, 0.000000
-40.900000, 694.799900, 241.078703, 0.002000, 0.000000, 0.000000
-40.800000, 694.344910, 241.078330, 0.002000, 0.000000, 0.000000
-40.700000, 690.250000, 241.077957, 0.002000, 0.000000, 0.000000
-40.600000, 690.250000, 241.077583, 0.002000, 0.000000, 0.000000
-40.500000, 690.250000, 241.077210, 0.002000, 0.000000, 0.000000
-40.400000, 690.250000, 241.076837, 0.002000, 0.000000, 0.000000
-40.300000, 690.250000, 241.076464, 0.002000, 0.000000, 0.000000
-40.200000, 690.250000, 241.076090, 0.002000, 0.000000, 0.000000
-40.100000, 690.250000, 241.075717, 0.002000, 0.000000, 0.000000
-40.000000, 690.250000, 241.075344, 0.002000, 0.000000, 0.000000
-39.900000, 690.250000, 241.074971, 0.002000, 0.000000, 0.000000
-39.800000, 689.769980, 241.074597, 0.002000, 0.000000, 0.000000
-39.700000, 687.849900, 241.074224, 0.002000, 0.000000, 0.000000
-39.600000, 687.849900, 241.073851, 0.002000, 0.000000, 0.000000
-39.500000, 687.849900, 241.073477, 0.002000, 0.000000, 0.000000
-39.400000, 687.849900, 241.073104, 0.002000, 0.000000, 0.000000
-39.300000, 687.849900, 241.072731, 0.002000, 0.000000, 0.000000
-39.200000, 687.849900, 241.072358, 0.002000, 0.000000, 0.000000
-39.100000, 687.849900, 241.071984, 0.002000, 0.000000, 0.000000
-39.000000, 687.849900, 241.071611, 0.002000, 0.000000, 0.000000
-38.900000, 687.849900, 241.071238, 0.002000, 0.000000, 0.000000
-38.800000, 687.614910, 241.070864, 0.002000, 0.000000, 0.000000
-38.700000, 685.500000, 241.070491, 0.002000, 0.000000, 0.000000
-38.600000, 685.500000, 241.070118, 0.002000, 0.000000, 0.000000
-38.500000, 685.500000, 241.069745, 0.002000, 0.000000, 0.000000
-38.400000, 685.500000, 241.069371, 0.002000, 0.000000, 0.000000
-38.300000, 685.500000, 241.068998, 0.002000, 0.000000, 0.000000
-38.200000, 685.500000, 241.068625, 0.002000, 0.000000, 0.000000
-38.100000, 685.500000, 241.068251, 0.002000, 0.000000, 0.000000
-38.000000, 685.500000, 241.067878, 0.002000, 0.000000, 0.000000
-37.900000, 685.500000, 241.067505, 0.002000, 0.000000, 0.000000
-37.800000, 685.500000, 241.067132, 0.002000, 0.000000, 0.000000
-37.700000, 682.400000, 241.066758, 0.002000, 0.000000, 0.000000
-37.600000, 677.750000, 241.066385, 0.002000, 0.000000, 0.000000
-37.500000, 677.750000, 241.066012, 0.002000, 0.000000, 0.000000
-37.400000, 677.750000, 241.065639, 0.002000, 0.000000, 0.000000
-37.300000, 677.750000, 241.065265, 0.002000, 0.000000, 0.000000
-37.200000, 677.750000, 241.064892, 0.002000, 0.000000, 0.000000
-37.100000, 677.750000, 241.064519, 0.002000, 0.000000, 0.000000
-37.000000, 677.750000, 241.064145, 0.002000, 0.000000, 0.000000
-36.900000, 677.750000, 241.063772, 0.002000, 0.000000, 0.000000
-36.800000, 677.750000, 241.063399, 0.002000, 0.000000, 0.000000
-36.700000, 677.750000, 241.063026, 0.002000, 0.000000, 0.000000
-36.600000, 672.744930, 241.062652, 0.002000, 0.000000, 0.000000
-36.500000, 670.599900, 241.062279, 0.002000, 0.000000, 0.000000
-36.400000, 670.599900, 241.061906, 0.002000, 0.000000, 0.000000
-36.300000, 670.599900, 241.061532, 0.002000, 0.000000, 0.000000
-36.200000, 670.599900, 241.061159, 0.002000, 0.000000, 0.000000
-36.100000, 670.599900, 241.060786, 0.002000, 0.000000, 0.000000
-36.000000, 670.599900, 241.060413, 0.002000, 0.000000, 0.000000
-35.900000, 670.599900, 241.060039, 0.002000, 0.000000, 0.000000
-35.800000, 670.599900, 241.059666, 0.002000, 0.000000, 0.000000
-35.700000, 670.599900, 241.059293, 0.002000, 0.000000, 0.000000
-35.600000, 670.599900, 241.058919, 0.002000, 0.000000, 0.000000
-35.500000, 670.599900, 241.058546, 0.002000, 0.000000, 0.000000
-35.400000, 663.400000, 241.058173, 0.002000, 0.000000, 0.000000
-35.300000, 663.400000, 241.057800, 0.002000, 0.000000, 0.000000
-35.200000, 663.400000, 241.057426, 0.002000, 0.000000, 0.000000
-35.100000, 663.400000, 241.057053, 0.002000, 0.000000, 0.000000
-35.000000, 663.400000, 241.056680, 0.002000, 0.000000, 0.000000
-34.900000, 663.400000, 241.056306, 0.002000, 0.000000, 0.000000
-34.800000, 663.400000, 241.055933, 0.002000, 0.000000, 0.000000
-34.700000, 663.400000, 241.055560, 0.002000, 0.000000, 0.000000
-34.600000, 663.400000, 241.055187, 0.002000, 0.000000, 0.000000
-34.500000, 663.400000, 241.054813, 0.002000, 0.000000, 0.000000
-34.400000, 657.640000, 241.054440, 0.002000, 0.000000, 0.000000
-34.300000, 656.200000, 241.054067, 0.002000, 0.000000, 0.000000
-34.200000, 656.200000, 241.053694, 0.002000, 0.000000, 0.000000
-34.100000, 656.200000, 241.053320, 0.002000, 0.000000, 0.000000
-34.000000, 656.200000, 241.052947, 0.002000, 0.000000, 0.000000
-33.900000, 656.200000, 241.052574, 0.002000, 0.000000, 0.000000
-33.800000, 656.200000, 241.052200, 0.002000, 0.000000, 0.000000
-33.700000, 656.200000, 241.051827, 0.002000, 0.000000, 0.000000
-33.600000, 656.200000, 241.051454, 0.002000, 0.000000, 0.000000
-33.500000, 656.200000, 241.051081, 0.002000, 0.000000, 0.000000
-33.400000, 652.225000, 241.050707, 0.002000, 0.000000, 0.000000
-33.300000, 648.250000, 241.050334, 0.002000, 0.000000, 0.000000
-33.200000, 648.250000, 241.049961, 0.002000, 0.000000, 0.000000
-33.100000, 648.250000, 241.049587, 0.002000, 0.000000, 0.000000
-33.000000, 648.250000, 241.049214, 0.002000, 0.000000, 0.000000
-32.900000, 648.250000, 241.048841, 0.002000, 0.000000, 0.000000
-32.800000, 648.250000, 241.048468, 0.002000, 0.000000, 0.000000
-32.700000, 648.250000, 241.048094, 0.002000, 0.000000, 0.000000
-32.600000, 648.250000, 241.047721, 0.002000, 0.000000, 0.000000
-32.500000, 647.690000, 241.047348, 0.002000, 0.000000, 0.000000
-32.400000, 647.450000, 241.046974, 0.002000, 0.000000, 0.000000
-32.300000, 647.450000, 241.046601, 0.002000, 0.000000, 0.000000
-32.200000, 647.450000, 241.046228, 0.002000, 0.000000, 0.000000
-32.100000, 647.450000, 241.045855, 0.002000, 0.000000, 0.000000
-32.000000, 647.450000, 241.045481, 0.002000, 0.000000, 0.000000
-31.900000, 647.450000, 241.045108, 0.002000, 0.000000, 0.000000
-31.800000, 647.450000, 241.044735, 0.002000, 0.000000, 0.000000
-31.700000, 647.450000, 241.044361, 0.002000, 0.000000, 0.000000
-31.600000, 647.350000, 241.043988, 0.002000, 0.000000, 0.000000
-31.500000, 646.450000, 241.043615, 0.002000, 0.000000, 0.000000
-31.400000, 646.450000, 241.043242, 0.002000, 0.000000, 0.000000
-31.300000, 646.450000, 241.042868, 0.002000, 0.000000, 0.000000
-31.200000, 646.450000, 241.042495, 0.002000, 0.000000, 0.000000
-31.100000, 646.450000, 241.042122, 0.002000, 0.000000, 0.000000
-31.000000, 646.450000, 241.041749, 0.002000, 0.000000, 0.000000
-30.900000, 646.450000, 241.041375, 0.002000, 0.000000, 0.000000
-30.800000, 646.450000, 241.041002, 0.002000, 0.000000, 0.000000
-30.700000, 646.450000, 241.040629, 0.002000, 0.000000, 0.000000
-30.600000, 646.450000, 241.040255, 0.002000, 0.000000, 0.000000
-30.500000, 641.024950, 241.039882, 0.002000, 0.000000, 0.000000
-30.400000, 635.599900, 241.039509, 0.002000, 0.000000, 0.000000
-30.300000, 635.599900, 241.039136, 0.002000, 0.000000, 0.000000
-30.200000, 635.599900, 241.038762, 0.002000, 0.000000, 0.000000
-30.100000, 635.599900, 241.038389, 0.002000, 0.000000, 0.000000
-30.000000, 635.599900, 241.038016, 0.002000, 0.000000, 0.000000
-29.900000, 635.599900, 241.037642, 0.002000, 0.000000, 0.000000
-29.800000, 635.599900, 241.037269, 0.002000, 0.000000, 0.000000
-29.700000, 635.599900, 241.036896, 0.002000, 0.000000, 0.000000
-29.600000, 635.599900, 241.036523, 0.002000, 0.000000, 0.000000
-29.500000, 635.599900, 241.036149, 0.002000, 0.000000, 0.000000
-29.400000, 635.599900, 241.035776, 0.002000, 0.000000, 0.000000
-29.300000, 630.289990, 241.035403, 0.002000, 0.000000, 0.000000
-29.200000, 629.700000, 241.035029, 0.002000, 0.000000, 0.000000
-29.100000, 629.700000, 241.034656, 0.002000, 0.000000, 0.000000
-29.000000, 629.700000, 241.034283, 0.002000, 0.000000, 0.000000
-28.900000, 629.700000, 241.033910, 0.002000, 0.000000, 0.000000
-28.800000, 629.700000, 241.033536, 0.002000, 0.000000, 0.000000
-28.700000, 629.700000, 241.033163, 0.002000, 0.000000, 0.000000
-28.600000, 629.700000, 241.032790, 0.002000, 0.000000, 0.000000
-28.500000, 629.700000, 241.032417, 0.002000, 0.000000, 0.000000
-28.400000, 629.700000, 241.032043, 0.002000, 0.000000, 0.000000
-28.300000, 629.700000, 241.031670, 0.002000, 0.000000, 0.000000
-28.200000, 626.410000, 241.031297, 0.002000, 0.000000, 0.000000
-28.100000, 625.000000, 241.030923, 0.002000, 0.000000, 0.000000
-28.000000, 625.000000, 241.030550, 0.002000, 0.000000, 0.000000
-27.900000, 625.000000, 241.030177, 0.002000, 0.000000, 0.000000
-27.800000, 625.000000, 241.029804, 0.002000, 0.000000, 0.000000
-27.700000, 625.000000, 241.029430, 0.002000, 0.000000, 0.000000
-27.600000, 625.000000, 241.029057, 0.002000, 0.000000, 0.000000
-27.500000, 625.000000, 241.028684, 0.002000, 0.000000, 0.000000
-27.400000, 625.000000, 241.028310, 0.002000, 0.000000, 0.000000
-27.300000, 625.000000, 241.027937, 0.002000, 0.000000, 0.000000
-27.200000, 625.000000, 241.027564, 0.002000, 0.000000, 0.000000
-27.100000, 625.000000, 241.027191, 0.002000, 0.000000, 0.000000
-27.000000, 621.800000, 241.026817, 0.002000, 0.000000, 0.000000
-26.900000, 617.000000, 241.026444, 0.002000, 0.000000, 0.000000
-26.800000, 617.000000, 241.026071, 0.002000, 0.000000, 0.000000
-26.700000, 617.000000, 241.025697, 0.002000, 0.000000, 0.000000
-26.600000, 617.000000, 241.025324, 0.002000, 0.000000, 0.000000
-26.500000, 617.000000, 241.024951, 0.002000, 0.000000, 0.000000
-26.400000, 617.000000, 241.024578, 0.002000, 0.000000, 0.000000
-26.300000, 617.000000, 241.024204, 0.002000, 0.000000, 0.000000
-26.200000, 617.000000, 241.023831, 0.002000, 0.000000, 0.000000
-26.100000, 617.000000, 241.023458, 0.002000, 0.000000, 0.000000
-26.000000, 617.000000, 241.023084, 0.002000, 0.000000, 0.000000
-25.900000, 615.780000, 241.022711, 0.002000, 0.000000, 0.000000
-25.800000, 610.900000, 241.022338, 0.002000, 0.000000, 0.000000
-25.700000, 610.900000, 241.021965, 0.002000, 0.000000, 0.000000
-25.600000, 610.900000, 241.021591, 0.002000, 0.000000, 0.000000
-25.500000, 610.900000, 241.021218, 0.002000, 0.000000, 0.000000
-25.400000, 610.900000, 241.020845, 0.002000, 0.000000, 0.000000
-25.300000, 610.900000, 241.020472, 0.002000, 0.000000, 0.000000
-25.200000, 610.900000, 241.020098, 0.002000, 0.000000, 0.000000
-25.100000, 610.900000, 241.019725, 0.002000, 0.000000, 0.000000
-25.000000, 610.900000, 241.019352, 0.002000, 0.000000, 0.000000
-24.900000, 610.900000, 241.018978, 0.002000, 0.000000, 0.000000
-24.800000, 610.900000, 241.018605, 0.002000, 0.000000, 0.000000
-24.700000, 610.900000, 241.018232, 0.002000, 0.000000, 0.000000
-24.600000, 607.849900, 241.017859, 0.002000, 0.000000, 0.000000
-24.500000, 607.849900, 241.017485, 0.002000, 0.000000, 0.000000
-24.400000, 607.849900, 241.017112, 0.002000, 0.000000, 0.000000
-24.300000, 607.849900, 241.016739, 0.002000, 0.000000, 0.000000
-24.200000, 607.849900, 241.016365, 0.002000, 0.000000, 0.000000
-24.100000, 607.849900, 241.015992, 0.002000, 0.000000, 0.000000
-24.000000, 607.849900, 241.015619, 0.002000, 0.000000, 0.000000
-23.900000, 607.849900, 241.015246, 0.002000, 0.000000, 0.000000
-23.800000, 607.849900, 241.014872, 0.002000, 0.000000, 0.000000
-23.700000, 607.849900, 241.014499, 0.002000, 0.000000, 0.000000
-23.600000, 607.849900, 241.014126, 0.002000, 0.000000, 0.000000
-23.500000, 601.699900, 241.013752, 0.002000, 0.000000, 0.000000
-23.400000, 597.599900, 241.013379, 0.002000, 0.000000, 0.000000
-23.300000, 597.599900, 241.013006, 0.002000, 0.000000, 0.000000
-23.200000, 597.599900, 241.012633, 0.002000, 0.000000, 0.000000
-23.100000, 597.599900, 241.012259, 0.002000, 0.000000, 0.000000
-23.000000, 597.599900, 241.011886, 0.002000, 0.000000, 0.000000
-22.900000, 597.599900, 241.011513, 0.002000, 0.000000, 0.000000
-22.800000, 597.599900, 241.011139, 0.002000, 0.000000, 0.000000
-22.700000, 597.599900, 241.010766, 0.002000, 0.000000, 0.000000
-22.600000, 597.599900, 241.010393, 0.002000, 0.000000, 0.000000
-22.500000, 597.599900, 241.010020, 0.002000, 0.000000, 0.000000
-22.400000, 596.729910, 241.009646, 0.002000, 0.000000, 0.000000
-22.300000, 588.900000, 241.009273, 0.002000, 0.000000, 0.000000
-22.200000, 588.900000, 241.008900, 0.002000, 0.000000, 0.000000
-22.100000, 588.900000, 241.008527, 0.002000, 0.000000, 0.000000
-22.000000, 588.900000, 241.008153, 0.002000, 0.000000, 0.000000
-21.900000, 588.900000, 241.007780, 0.002000, 0.000000, 0.000000
-21.800000, 588.900000, 241.007407, 0.002000, 0.000000, 0.000000
-21.700000, 588.900000, 241.007033, 0.002000, 0.000000, 0.000000
-21.600000, 588.900000, 241.006660, 0.002000, 0.000000, 0.000000
-21.500000, 588.900000, 241.006287, 0.002000, 0.000000, 0.000000
-21.400000, 588.900000, 241.005914, 0.002000, 0.000000, 0.000000
-21.300000, 588.900000, 241.005540, 0.002000, 0.000000, 0.000000
-21.200000, 588.900000, 241.005167, 0.002000, 0.000000, 0.000000
-21.100000, 586.950000, 241.004794, 0.002000, 0.000000, 0.000000
-21.000000, 585.000000, 241.004420, 0.002000, 0.000000, 0.000000
-20.900000, 585.000000, 241.004047, 0.002000, 0.000000, 0.000000
-20.800000, 585.000000, 241.003674, 0.002000, 0.000000, 0.000000
-20.700000, 585.000000, 241.003301, 0.002000, 0.000000, 0.000000
-20.600000, 585.000000, 241.002927, 0.002000, 0.000000, 0.000000
-20.500000, 585.000000, 241.002554, 0.002000, 0.000000, 0.000000
-20.400000, 585.000000, 241.002181, 0.002000, 0.000000, 0.000000
-20.300000, 585.000000, 241.001807, 0.002000, 0.000000, 0.000000
-20.200000, 585.000000, 241.001434, 0.002000, 0.000000, 0.000000
-20.100000, 585.000000, 241.001061, 0.002000, 0.000000, 0.000000
-20.000000, 584.415000, 241.000688, 0.002000, 0.000000, 0.000000
-19.900000, 579.150000, 241.000314, 0.002000, 0.000000, 0.000000
-19.800000, 579.150000, 240.999941, 0.002000, 0.000000, 0.000000
-19.700000, 579.150000, 240.999568, 0.002000, 0.000000, 0.000000
-19.600000, 579.150000, 240.999194, 0.002000, 0.000000, 0.000000
-19.500000, 579.150000, 240.998821, 0.002000, 0.000000, 0.000000
-19.400000, 579.150000, 240.998448, 0.002000, 0.000000, 0.000000
-19.300000, 579.150000, 240.998075, 0.002000, 0.000000, 0.000000
-19.200000, 579.150000, 240.997701, 0.002000, 0.000000, 0.000000
-19.100000, 579.150000, 240.997328, 0.002000, 0.000000, 0.000000
-19.000000, 579.150000, 240.996955, 0.002000, 0.000000, 0.000000
-18.900000, 579.150000, 240.996582, 0.002000, 0.000000, 0.000000
-18.800000, 579.150000, 240.996208, 0.002000, 0.000000, 0.000000
-18.700000, 571.309920, 240.995835, 0.002000, 0.000000, 0.000000
-18.600000, 569.349900, 240.995462, 0.002000, 0.000000, 0.000000
-18.500000, 569.349900, 240.995088, 0.002000, 0.000000, 0.000000
-18.400000, 569.349900, 240.994715, 0.002000, 0.000000, 0.000000
-18.300000, 569.349900, 240.994342, 0.002000, 0.000000, 0.000000
-18.200000, 569.349900, 240.993969, 0.002000, 0.000000, 0.000000
-18.100000, 569.349900, 240.993595, 0.002000, 0.000000, 0.000000
-18.000000, 569.349900, 240.993222, 0.002000, 0.000000, 0.000000
-17.900000, 569.349900, 240.992849, 0.002000, 0.000000, 0.000000
-17.800000, 569.349900, 240.992475, 0.002000, 0.000000, 0.000000
-17.700000, 569.349900, 240.992102, 0.002000, 0.000000, 0.000000
-17.600000, 569.349900, 240.991729, 0.002000, 0.000000, 0.000000
-17.500000, 569.349900, 240.991356, 0.002000, 0.000000, 0.000000
-17.400000, 562.189980, 240.990982, 0.002000, 0.000000, 0.000000
-17.300000, 560.400000, 240.990609, 0.002000, 0.000000, 0.000000
-17.200000, 560.400000, 240.990236, 0.002000, 0.000000, 0.000000
-17.100000, 560.400000, 240.989862, 0.002000, 0.000000, 0.000000
-17.000000, 560.400000, 240.989489, 0.002000, 0.000000, 0.000000
-16.900000, 560.400000, 240.989116, 0.002000, 0.000000, 0.000000
-16.800000, 560.400000, 240.988743, 0.002000, 0.000000, 0.000000
-16.700000, 560.400000, 240.988369, 0.002000, 0.000000, 0.000000
-16.600000, 560.400000, 240.987996, 0.002000, 0.000000, 0.000000
-16.500000, 560.400000, 240.987623, 0.002000, 0.000000, 0.000000
-16.400000, 560.400000, 240.987250, 0.002000, 0.000000, 0.000000
-16.300000, 560.400000, 240.986876, 0.002000, 0.000000, 0.000000
-16.200000, 557.740000, 240.986503, 0.002000, 0.000000, 0.000000
-16.100000, 553.750000, 240.986130, 0.002000, 0.000000, 0.000000
-16.000000, 553.750000, 240.985756, 0.002000, 0.000000, 0.000000
-15.900000, 553.750000, 240.985383, 0.002000, 0.000000, 0.000000
-15.800000, 553.750000, 240.985010, 0.002000, 0.000000, 0.000000
-15.700000, 553.750000, 240.984637, 0.002000, 0.000000, 0.000000
-15.600000, 553.750000, 240.984263, 0.002000, 0.000000, 0.000000
-15.500000, 553.750000, 240.983890, 0.002000, 0.000000, 0.000000
-15.400000, 553.750000, 240.983517, 0.002000, 0.000000, 0.000000
-15.300000, 553.750000, 240.983143, 0.002000, 0.000000, 0.000000
-15.200000, 553.750000, 240.982770, 0.002000, 0.000000, 0.000000
-15.100000, 553.750000, 240.982397, 0.002000, 0.000000, 0.000000
-15.000000, 549.579970, 240.982024, 0.002000, 0.000000, 0.000000
-14.900000, 539.849900, 240.981650, 0.002000, 0.000000, 0.000000
-14.800000, 539.849900, 240.981277, 0.002000, 0.000000, 0.000000
-14.700000, 539.849900, 240.980904, 0.002000, 0.000000, 0.000000
-14.600000, 539.849900, 240.980530, 0.002000, 0.000000, 0.000000
-14.500000, 539.849900, 240.980157, 0.002000, 0.000000, 0.000000
-14.400000, 539.849900, 240.979784, 0.002000, 0.000000, 0.000000
-14.300000, 539.849900, 240.979411, 0.002000, 0.000000, 0.000000
-14.200000, 539.849900, 240.979037, 0.002000, 0.000000, 0.000000
-14.100000, 539.849900, 240.978664, 0.002000, 0.000000, 0.000000
-14.000000, 539.849900, 240.978291, 0.002000, 0.000000, 0.000000
-13.900000, 539.849900, 240.977917, 0.002000, 0.000000, 0.000000
-13.800000, 534.369980, 240.977544, 0.002000, 0.000000, 0.000000
-13.700000, 533.000000, 240.977171, 0.002000, 0.000000, 0.000000
-13.600000, 533.000000, 240.976798, 0.002000, 0.000000, 0.000000
-13.500000, 533.000000, 240.976424, 0.002000, 0.000000, 0.000000
-13.400000, 533.000000, 240.976051, 0.002000, 0.000000, 0.000000
-13.300000, 533.000000, 240.975678, 0.002000, 0.000000, 0.000000
-13.200000, 533.000000, 240.975305, 0.002000, 0.000000, 0.000000
-13.100000, 533.000000, 240.974931, 0.002000, 0.000000, 0.000000
-13.000000, 533.000000, 240.974558, 0.002000, 0.000000, 0.000000
-12.900000, 533.000000, 240.974185, 0.002000, 0.000000, 0.000000
-12.800000, 533.000000, 240.973811, 0.002000, 0.000000, 0.000000
-12.700000, 533.000000, 240.973438, 0.002000, 0.000000, 0.000000
-12.600000, 524.530000, 240.973065, 0.002000, 0.000000, 0.000000
-12.500000, 520.900000, 240.972692, 0.002000, 0.000000, 0.000000
-12.400000, 520.900000, 240.972318, 0.002000, 0.000000, 0.000000
-12.300000, 520.900000, 240.971945, 0.002000, 0.000000, 0.000000
-12.200000, 520.900000, 240.971572, 0.002000, 0.000000, 0.000000
-12.100000, 520.900000, 240.971198, 0.002000, 0.000000, 0.000000
-12.000000, 520.900000, 240.970825, 0.002000, 0.000000, 0.000000
-11.900000, 520.900000, 240.970452, 0.002000, 0.000000, 0.000000
-11.800000, 520.900000, 240.970079, 0.002000, 0.000000, 0.000000
-11.700000, 520.900000, 240.969705, 0.002000, 0.000000, 0.000000
-11.600000, 520.900000, 240.969332, 0.002000, 0.000000, 0.000000
-11.500000, 520.900000, 240.968959, 0.002000, 0.000000, 0.000000
-11.400000, 520.900000, 240.968585, 0.002000, 0.000000, 0.000000
-11.300000, 510.260000, 240.968212, 0.002000, 0.000000, 0.000000
-11.200000, 505.700000, 240.967839, 0.002000, 0.000000, 0.000000
-11.100000, 505.700000, 240.967466, 0.002000, 0.000000, 0.000000
-11.000000, 505.700000, 240.967092, 0.002000, 0.000000, 0.000000
-10.900000, 505.700000, 240.966719, 0.002000, 0.000000, 0.000000
-10.800000, 505.700000, 240.966346, 0.002000, 0.000000, 0.000000
-10.700000, 505.700000, 240.965972, 0.002000, 0.000000, 0.000000
-10.600000, 505.700000, 240.965599, 0.002000, 0.000000, 0.000000
-10.500000, 505.700000, 240.965226, 0.002000, 0.000000, 0.000000
-10.400000, 505.700000, 240.964853, 0.002000, 0.000000, 0.000000
-10.300000, 505.700000, 240.964479, 0.002000, 0.000000, 0.000000
-10.200000, 496.339910, 240.964106, 0.002000, 0.000000, 0.000000
-10.100000, 495.299900, 240.963733, 0.002000, 0.000000, 0.000000
-10.000000, 495.299900, 240.963360, 0.002000, 0.000000, 0.000000
-9.900000, 495.299900, 240.962986, 0.002000, 0.000000, 0.000000
-9.800000, 495.299900, 240.962613, 0.002000, 0.000000, 0.000000
-9.700000, 495.299900, 240.962240, 0.002000, 0.000000, 0.000000
-9.600000, 495.299900, 240.961866, 0.002000, 0.000000, 0.000000
-9.500000, 495.299900, 240.961493, 0.002000, 0.000000, 0.000000
-9.400000, 495.299900, 240.961120, 0.002000, 0.000000, 0.000000
-9.300000, 495.299900, 240.960747, 0.002000, 0.000000, 0.000000
-9.200000, 495.299900, 240.960373, 0.002000, 0.000000, 0.000000
-9.100000, 495.299900, 240.960000, 0.002000, 0.000000, 0.000000
-9.000000, 477.950000, 240.954000, 0.002000, 0.000000, 0.000000
-8.900000, 477.950000, 240.948000, 0.002000, 0.000000, 0.000000
-8.800000, 477.950000, 240.942000, 0.002000, 0.000000, 0.000000
-8.700000, 477.950000, 240.936000, 0.002000, 0.000000, 0.000000
-8.600000, 477.950000, 240.930000, 0.002000, 0.000000, 0.000000
-8.500000, 477.950000, 240.924000, 0.002000, 0.000000, 0.000000
-8.400000, 477.950000, 240.918000, 0.002000, 0.000000, 0.000000
-8.300000, 477.950000, 240.912000, 0.002000, 0.000000, 0.000000
-8.200000, 477.950000, 240.906000, 0.002000, 0.000000, 0.000000
-8.100000, 477.950000, 240.900000, 0.002000, 0.000000, 0.000000
-8.000000, 477.950000, 240.877000, 0.002000, 0.000000, 0.000000
-7.900000, 477.950000, 240.854000, 0.002000, 0.000000, 0.000000
-7.800000, 466.225000, 240.831000, 0.002000, 0.000000, 0.000000
-7.700000, 461.200000, 240.808000, 0.002000, 0.000000, 0.000000
-7.600000, 461.200000, 240.785000, 0.002000, 0.000000, 0.000000
-7.500000, 461.200000, 240.762000, 0.002000, 0.000000, 0.000000
-7.400000, 461.200000, 240.739000, 0.002000, 0.000000, 0.000000
-7.300000, 461.200000, 240.716000, 0.002000, 0.000000, 0.000000
-7.200000, 461.200000, 240.693000, 0.002000, 0.000000, 0.000000
-7.100000, 461.200000, 240.670000, 0.002000, 0.000000, 0.000000
-7.000000, 461.200000, 240.639000, 0.002000, 0.000000, 0.000000
-6.900000, 461.200000, 240.608000, 0.002000, 0.000000, 0.000000
-6.800000, 461.200000, 240.577000, 0.002000, 0.000000, 0.000000
-6.700000, 461.200000, 240.546000, 0.002000, 0.000000, 0.000000
-6.600000, 456.040000, 240.515000, 0.002000, 0.000000, 0.000000
-6.500000, 444.000000, 240.484000, 0.002000, 0.000000, 0.000000
-6.400000, 444.000000, 240.453000, 0.002000, 0.000000, 0.000000
-6.300000, 444.000000, 240.422000, 0.002000, 0.000000, 0.000000
-6.200000, 444.000000, 240.391000, 0.002000, 0.000000, 0.000000
-6.100000, 467.000000, 240.360000, 0.002000, 0.000000, 0.000000
-6.000000, 495.000000, 240.338000, 0.002000, 0.000000, 0.000000
-5.900000, 500.000000, 240.316000, 0.002000, 0.000000, 0.000000
-5.800000, 455.000000, 240.294000, 0.002000, 0.000000, 0.000000
-5.700000, 490.000000, 240.272000, 0.002000, 0.000000, 0.000000
-5.600000, 430.000000, 240.250000, 0.002000, 0.000000, 0.000000
-5.500000, 435.000000, 240.228000, 0.002000, 0.000000, 0.000000
-5.400000, 440.000000, 240.206000, 0.002000, 0.000000, 0.000000
-5.300000, 420.000000, 240.184000, 0.002000, 0.000000, 0.000000
-5.200000, 390.000000, 240.162000, 0.002000, 0.000000, 0.000000
-5.100000, 391.500000, 240.140000, 0.002000, 0.000000, 0.000000
-5.000000, 401.000000, 240.109997, 0.002000, 0.000000, 0.000000
-4.900000, 393.500000, 240.079994, 0.002000, 0.000000, 0.000000
-4.800000, 375.000000, 240.049990, 0.002000, 0.000000, 0.000000
-4.700000, 556.000000, 240.019987, 0.002000, 0.000000, 0.000000
-4.600000, 399.500000, 239.989984, 0.002000, 0.000000, 0.000000
-4.500000, 379.000000, 239.959981, 0.002000, 0.000000, 0.000000
-4.400000, 487.500000, 239.929978, 0.002000, 0.000000, 0.000000
-4.300000, 370.000000, 239.899974, 0.002000, 0.000000, 0.000000
-4.200000, 314.000000, 239.869971, 0.002000, 0.000000, 0.000000
-4.100000, 351.500000, 239.839968, 0.002000, 0.000000, 0.000000
-4.000000, 275.000000, 239.839968, 0.002000, 0.000000, 0.000000
-3.900000, 315.000000, 239.839968, 0.002000, 0.000000, 0.000000
-3.800000, 430.000000, 239.839968, 0.002000, 0.000000, 0.000000
-3.700000, 370.000000, 239.839968, 0.002000, 0.000000, 0.000000
-3.600000, 405.000000, 239.839968, 0.002000, 0.000000, 0.000000
-3.500000, 355.000000, 239.839968, 0.002000, 0.000000, 0.000000
-3.400000, 430.000000, 239.839968, 0.002000, 0.000000, 0.000000
-3.300000, 305.000000, 239.839968, 0.002000, 0.000000, 0.000000
-3.200000, 320.000000, 239.839968, 0.002000, 0.000000, 0.000000
-3.100000, 370.000000, 239.839968, 0.002000, 0.000000, 0.000000
-3.000000, 415.000000, 239.890975, 0.002000, 0.000000, 0.000000
-2.900000, 385.000000, 239.941982, 0.002000, 0.000000, 0.000000
-2.800000, 340.000000, 239.992990, 0.002000, 0.000000, 0.000000
-2.700000, 505.000000, 240.043997, 0.002000, 0.000000, 0.000000
-2.600000, 415.000000, 240.095004, 0.002000, 0.000000, 0.000000
-2.500000, 398.000000, 240.146011, 0.002000, 0.000000, 0.000000
-2.400000, 325.000000, 240.197018, 0.002000, 0.000000, 0.000000
-2.300000, 327.500000, 240.248026, 0.002000, 0.000000, 0.000000
-2.200000, 310.000000, 240.299033, 0.002000, 0.000000, 0.000000
-2.100000, 293.500000, 240.350040, 0.002000, 0.000000, 0.000000
-2.000000, 310.000000, 240.492038, 0.002000, 0.000000, 0.000000
-1.900000, 380.000000, 240.634037, 0.002000, 0.000000, 0.000000
-1.800000, 340.000000, 240.776035, 0.002000, 0.000000, 0.000000
-1.700000, 290.000000, 240.918034, 0.002000, 0.000000, 0.000000
-1.600000, 410.000000, 241.060032, 0.002000, 0.000000, 0.000000
-1.500000, 270.000000, 241.202030, 0.002000, 0.000000, 0.000000
-1.400000, 290.000000, 241.344029, 0.002000, 0.000000, 0.000000
-1.300000, 285.000000, 241.486027, 0.002000, 0.000000, 0.000000
-1.200000, 296.000000, 241.628026, 0.002000, 0.000000, 0.000000
-1.100000, 335.000000, 241.770024, 0.002000, 0.000000, 0.000000
-1.000000, 275.000000, 242.047022, 0.002000, 0.000000, 0.000000
-0.900000, 250.000000, 242.324019, 0.002000, 0.000000, 0.000000
-0.800000, 295.000000, 242.601017, 0.002000, 0.000000, 0.000000
-0.700000, 350.000000, 242.878014, 0.002000, 0.000000, 0.000000
-0.600000, 316.000000, 243.155012, 0.002000, 0.000000, 0.000000
-0.500000, 310.000000, 243.432010, 0.002000, 0.000000, 0.000000
-0.400000, 320.000000, 243.709007, 0.002000, 0.000000, 0.000000
-0.300000, 315.000000, 243.986005, 0.002000, 0.000000, 0.000000
-0.200000, 315.000000, 244.263002, 0.002000, 0.000000, 0.000000
-0.100000, 295.000000, 244.540000, 0.002000, 0.000000, 0.000000
